[109,3] -1
[109,2] 2231
[108,3] 327
[110,0] 1
[109,1] -1068470
[108,2] 2635551657
[107,3] -50685
[109,0] 36708366
[108,1] 8876804051411
[107,2] 13775945134096
[106,3] 4954813
[108,0] 449174349896529
[107,1] -759801292135318970
[106,2] 9242562933736202
[105,3] -342895797
[107,0] 1832179297936838067196
[106,1] 1338177421730607638238
[105,2] 1594928541361168610
[104,3] 17874810483
[106,0] 944024404834178040732744
[105,1] -307231564237927830094888
[104,2] 78328902475876252133
[103,3] -729142138126
[105,0] 129671012956922108496821052
[104,1] 17909414187485966395965896
[103,2] 190969657088834171456
[102,3] 23866462247814
[104,0] -1419003772962878571399277266
[103,1] -497581970999024693668899900
[102,2] -31801315010904498998316
[101,3] -637708281980739
[103,0] -614066259551905208546764980540
[102,1] 8045298371194013368528661027
[101,2] 114151696327895162251847
[100,3] 14073706344717465
[102,0] 39770210264406745766444008348914
[101,1] -80490768180613797872207137866
[100,2] 4501418577966115581146357
[99,3] -258498124228862109
[101,0] -1317058353218546175120157815141196
[100,1] 466453994921109031859121605198
[99,2] -48882547272855645595920158
[98,3] 3967834624960611453
[100,0] 29141730119246105143874867517939444
[99,1] -838049315763363585317474782946
[98,2] 13105547231813308207528119
[97,3] -50928678990515727343
[99,0] -476438591741115305826544205589424788
[98,1] -6679196204289992414014755424217
[97,2] 2733892690548730157098530989
[96,3] 544669826006717200305
[98,0] 6071989338191391568104804737799496977
[97,1] -9412522860934394072916200849280
[96,2] -17379568386522707896820133092
[95,3] -4806940401318390662796
[97,0] -62358765958644098126007556403440309890
[96,1] 1235202543941180205414952231778907
[95,2] 1141912457877463158941381119
[94,3] 34294332420278946616892
[96,0] 527664603135245398776363995673485233665
[95,1] -14180087547436796194777687853392816
[94,2] 479465320894352243287262636539
[93,3] -188975958537426864972870
[95,0] -3735746573410746418298879741911552707488
[94,1] 75395021024869246161002801330570700
[93,2] -2152120833716844695439997061595
[92,3] 708094775689948154609166
[94,0] 22359968624625773957914722928288835430330
[93,1] -11325249555962575768790996147757548
[92,2] -611905612614093666828936998972
[91,3] -792472713055749434628152
[93,0] -113857013311368912689211948787469764517412
[92,1] -3411637321312533813495056718435413710
[91,2] 35685499479375085430283541200938
[90,3] -11259302883776465911759428
[92,0] 494286607905146589094655688500497323180146
[91,1] 33469780770243528343498196507253723742
[90,2] -78544666822159151339500775731717
[89,3] 95605766694909359520796128
[91,0] -1824290838633068116884531489160674700726392
[90,1] -195511361971960246239327775995613123694
[89,2] -485121703257104097104107556096537
[88,3] -384652162060319239046899800
[90,0] 5664961194192843805499725979576608363095324
[89,1] 786687951632672679654503245743590176182
[88,2] 4079930245135822979042620855003435
[87,3] 533858026091038056180775482
[89,0] -14439701200089163254419487943225527034999616
[88,1] -2080156816615308486726423901902716574106
[87,2] -16338878811144937818236634145974133
[86,3] 3365154944843062962625777926
[88,0] 28430953216154458987976602355723825956979352
[87,1] 2067530311706982338178985905323679726564
[86,2] 58335098192051208843290592962135232
[85,3] -24581935446397382855842350200
[87,0] -35197287808580036163200593599200120971073976
[86,1] 11449254220122841317375386291198884290456
[85,2] -267353638286192107874939018431277070
[84,3] 68214831878679986280744392724
[86,0] -9807491311672266679629793551622339435440308
[85,1] -74280021330784210551282265223675035971606
[84,2] 1309780950498474406076850166019310813
[83,3] 7654850846115363414932613498
[85,0] 191161435524534249896390458848085535623650936
[84,1] 239953892124197498552161672151915316845676
[83,2] -5361870754331850087395816534914325533
[82,3] -789697972986427496728999943962
[84,0] -566142400701836389146302373691729851964695984
[83,1] -481991482731728184844425098008437297654428
[82,2] 17476290959840433656559171442308494185
[81,3] 2864239650364233254888636272392
[83,0] 942553654465065653531073182743062604517403768
[82,1] 444497872253665975891592049910761642899066
[81,2] -46604149115793669449310565846758504281
[80,3] -2630719283090794867921898375400
[82,0] -572961110305283512783022276806153312480859694
[81,1] 743943769350758518889129228437097680631984
[80,2] 105515711676379194123343045614030181528
[79,3] -15856918634511977294764712011370
[81,0] -1740182916830212089220578176142246478444972932
[80,1] -3820173688357520021149562485907060017921688
[79,2] -203977388448724724846918568080124463064
[78,3] 69280415315980814752679527813182
[80,0] 6269384909503538218775722774323218285090521458
[79,1] 7157254588891338735981566451197724567538060
[78,2] 308121585667738972045932188069408078609
[77,3] -85708312668715202285836920362103
[79,0] -9644259021348645647322392812372613307929159712
[78,1] -4521015760528023451196910957111417624158870
[77,2] -227652737109255699883947537776531841932
[76,3] -226314290413144087205098779867179
[78,0] 3607597577533080396045582336733047777681987243
[77,1] -11545121808064597447339984149732339859270330
[76,2] -485221137682679721430472343602338423590
[75,3] 1102777313338588974682451950518579
[77,0] 18951006643605891949538884694016941460008220378
[76,1] 36219810019745118228092897595758647148291477
[75,2] 2229569146822499057812322011280170520799
[74,3] -1389407604398961612593210256629079
[76,0] -48563754109509137935352373799960295670322731477
[75,1] -39508219010207358439993594092591515834834410
[74,2] -4238735903915872905160487582608839775108
[73,3] -2564210880388924659275983024605976
[72,4] 2180
[75,0] 47880780991433344033027762337714495528115320340
[74,1] -16152688672911969014132626529239383465668444
[73,2] 3472052824947285839431892202131361458512
[72,3] 12196648949358002377378856539542956
[71,4] 2969814
[74,0] 26186775233637149985836233757923326681305881688
[73,1] 114945253530303764588649687152432584584077326
[72,2] 3785193770961939261852975518558163320945
[71,3] -13421926649578705649799694840166823
[70,4] 827957787
[73,0] -155583861000405039705430282222967284034436146508
[72,1] -145341812235281728659932125980641910129192936
[71,2] -16080289787607662161043123149750167682775
[70,3] -24398010430152769235957713464330664
[69,4] 75194857393
[72,0] 208357840295647872480562309946956205981573610138
[71,1] -12432149415352460409832984296137408580003846
[70,2] 21882664965805343710029728843589097172221
[69,3] 95624608044274185053556786708581003
[68,4] 2498817975604
[71,0] -16915024241591357189809078681351312077310760212
[70,1] 282355186819705716951481595154829314830253179
[69,2] -5926673591138662071159234148432477930316
[68,3] -77995502087291506326979193046097677
[67,4] 23813792486652
[70,0] -385749708402653700585800506667103255596713262286
[69,1] -336288727630773827713835865354450696143314552
[68,2] -31919448648952373077556207629233527293842
[67,3] -188264761223280229376583617740703768
[66,4] -163588624988392
[69,0] 603988599471697715478309822441848160612231387108
[68,1] -60603687627663271406981718528801214021604412
[67,2] 63506221703857557334838927192185587785048
[66,3] 529177359153296662562224065901306957
[65,4] -2387590654187694
[68,0] -157369589921487147889918197176376998793549549352
[67,1] 581558163721852274481992165283753777686036118
[66,2] -47046015869454179340097580171580334856898
[65,3] -232669948852755060127494714248727109
[64,4] 8114886173847693
[67,0] -833246130165217334915555022933390624385910986380
[66,1] -501728918105740251682033157063961550664359393
[65,2] -32945822562414240082107013504441489056706
[64,3] -1091408603544324884110133877148355968
[63,4] 96110354175023800
[66,0] 1336485103930296400685813651843654827168379383179
[65,1] -340900413490559529229998540171033209160040946
[64,2] 130321581559194599443481143584468293502781
[63,3] 2005418943811067905308694122980681031
[62,4] -328003751962235410
[65,0] -321906492359682467643568594964845021351871606214
[64,1] 973087766817768936078424767764835046782786851
[63,2] -144103938486479583447374710019262554366768
[62,3] 66478078913170708782279014503392215
[61,4] -2097774379352301847
[64,0] -1658539148591674478990988559711118050218153476685
[63,1] -336579967611093966704031116239645957584069310
[62,2] -2942943702145586098167836713392541611528
[61,3] -4460139213231533101911712662167310468
[60,4] 8905857494991199020
[63,0] 2331114021254957673906448862095771486754225986128
[62,1] -1011304031838190132112449795260900151857108576
[61,2] 237219705610726099186569436740610318450839
[60,3] 4813336298469156496106760999230054672
[59,4] 25292840634123687193
[62,0] -167901070640003151949377109334060689080174089678
[61,1] 1171907558146160857079858430477068426000761222
[60,2] -306136242832224529120709553389713006198110
[59,3] 3515659235848784390932784947783704390
[58,4] -149747968888067255685
[61,0] -2967125075461729257850340495183466077927729979636
[60,1] 475543697171804185423111827551529948231215544
[59,2] 16633912106211473260085991853793107127993
[58,3] -12201091479105749311029021923453557546
[57,4] -180979003950156312020
[60,0] 3103088270338385877912274077789186314707575742674
[59,1] -1849399769781673564964204927498815320603509250
[58,2] 419248653966280635798053317469609190760098
[57,3] 5557218420400944946804385536099683766
[56,4] 1956449952132946341620
[59,0] 806725423140813338986499818695651881548710364216
[58,1] 720657824636798055508775880697698075593809366
[57,2] -462387419473945184428529606875762398740484
[56,3] 14527859539295758896361814924728242525
[55,4] -1217030177382449501956
[58,0] -4412353944866481626281237878518627309551297412784
[57,1] 1785154877571822452613567867356103190659160530
[56,2] -86504701128305381273331436101715886219292
[55,3] -20713671940481196361426247222950878465
[54,4] -10892765434960033089496
[57,0] 2787063059562738298295734554063487119368432673048
[56,1] -2184336155456593531425300036551629534683121552
[55,2] 637667077830095175193261598047786749229045
[54,3] -3917369031127133648712674386031220049
[53,4] 4974924337305331264470
[56,0] 2624433760296670787758491769323835252629378769468
[55,1] -477793623910756606434772749109432783168215780
[54,2] -440943995946901949047117298141729866270201
[53,3] 30707999026147688691706297327284991289
[52,4] 110894718473056213904689
[55,0] -4948102661302242684420500182060747614212896536312
[54,1] 2806148788544073339414091696808601590388455538
[53,2] -339196190645536720681878461582935619871113
[52,3] -17330544766950347207940394602453214876
[51,4] -250694491591514738939737
[54,0] 921553976239202671402573991669546825088845708808
[53,1] -1532240672904583543873108887941983862339462770
[52,2] 702993810201028175869691637405390091321028
[51,3] -24651711765995668025802981123475089092
[50,4] -83539338649452975385217
[53,0] 4197025174839485052424679024130826443371469477984
[52,1] -1790781269795173671994667657917233959402823396
[51,2] -163463668377386849051029156078214698977840
[50,3] 35583000576029108903702886465495319291
[49,4] 763337097144468700370817
[52,0] -3618877743483645030105446412448358859849720461028
[51,1] 2777758031629873747140101962452132349891153448
[50,2] -539256044557877679033367668853914086317893
[49,3] 4143236479237701437989527893382942324
[48,4] 302327613318576484314720
[51,0] -1527675342863474426167358389355447843585072938680
[50,1] -228422766980651346997279875761523355174987400
[49,2] 481041600306934258460886915849461118926475
[48,3] -38128518470508038875201202105853537406
[47,4] -3358950487034871641976546
[50,0] 4041507519987776763129878119786015820854313502386
[49,1] -2359876645110292300207804673938557245851102994
[48,2] 164739080892091142707682533644413606834035
[47,3] 17316705888002476160321902786794066377
[46,4] 624853493299561495430201
[49,0] -1005025402087448834922073526546386374998681607060
[48,1] 1742295126301404708281099314496974786755923328
[47,2] -478482281589650070642905816462470217151857
[46,3] 24989514405190962387344596844897719387
[45,4] 12367849149100643952140851
[48,0] -2693159831752514108041326813833882290529233545990
[47,1] 858135102159320248854074169621341035847713106
[46,2] 133891776046679760147474327337819506976132
[45,3] -27164210873194158724409057510856121521
[44,4] -13152742057230291791411769
[47,0] 2139440673483117805703826771309052511471008634192
[46,1] -1911648396601629575599009632881433685714912204
[45,2] 282962159130261243689800644924573799703353
[44,3] -7076806396141809527116558774066889962
[43,4] -22408906897180143160081662
[46,0] 952891407181958653111175185634811294614796377481
[45,1] 465791094870380881181362336231332535996411604
[44,2] -238297670037443771813101346523201176631637
[43,3] 23688887902480732335457288505715436454
[42,4] 48491183880982730948929439
[45,0] -1948204804114787657450125443125021707122682455330
[44,1] 1135675903354762775772376645798477143271594137
[43,2] -77646193490168766000100805385757696322033
[42,3] -5042997744086520483864654674199706907
[41,4] 12146397213474015910829090
[44,0] 198506004564048005774401771093514298911195260721
[43,1] -932558259511391363911072909710076329250297762
[42,2] 195778982739405551725661567434933074660605
[41,3] -13913660874355695518939848891931695696
[40,4] -96854928572910736635868050
[43,0] 1184876302237063555799004956974988784812119473612
[42,1] -285683216700678134974795801211771497962989006
[41,2] -41043433868666788584854888396036713154883
[40,3] 8510516945692842117494843659623441022
[39,4] 33585095878837345187156344
[42,0] -584528896452563161186262970296007079208614280652
[41,1] 731665694225195839933541371575380016162220028
[40,2] -104362612050842548169030385042460640675042
[39,3] 5272097081658265359804904841213916146
[38,4] 130250488162447401335352046
[41,0] -491629045755857563183121226814674081379638632028
[40,1] -156583498790237840825459556537025691576007182
[39,2] 71549971981786481353527893664083113447698
[38,3] -6607196420929118728419140350844678001
[37,4] -103789965203810342605195831
[36,5] 109
[40,0] 504714662990993268264166660237077190455089248842
[39,1] -357334171347631040343061120821885567712688452
[38,2] 31050721234055117412155939901527025921252
[37,3] -683841091111826856215533466414336128
[36,4] -127760620419855535565766051
[35,5] -103877
[39,0] 102565817457111573171060353687402327995348603908
[38,1] 227325335689041978665125407765884713279557669
[37,2] -54501547148414899063680371967602882960660
[36,3] 3523111521058434357405247133076237451
[35,4] 170469414161658567927762434
[34,5] 120990
[38,0] -295069346474894808695800535737108450995294703626
[37,1] 103675520684861814417845719905930344816354802
[36,2] 4830480560982218333798997284279246891409
[35,3] -684301154373687424703047760373969224
[34,4] 87794478009954981705080398
[33,5] -3143887
[37,0] 35033464157478207472761646142090469449027894028
[36,1] -148100628020882224096825953453085697076670562
[35,2] 27718104953401154948711194326841629683561
[34,3] -1380589066690315110813414945011897441
[33,4] -205827541179491696625506457
[32,5] -134020950
[36,0] 130552155731523093383968119770475943008399386376
[35,1] -2910458469061958255881040941353463548120774
[34,2] -12983170659903602470518083362758616871135
[33,3] 634914337578073623496001000357185849
[32,4] -26261569367917162084639003
[31,5] 424191921
[35,0] -49466538842242600188722828094592927746677108196
[34,1] 67186013843255180128552694762562288679470565
[33,2] -9302971327523993953063241277981070374727
[32,3] 389789817766471913183819802767990356
[31,4] 194351609803242098280223007
[30,5] 7364130688
[34,0] -44309680116484146606090616921560190296257550735
[33,1] -15950801486786504139184944345081559111057610
[32,2] 9440402157475176568581432073240833375423
[31,3] -319940243178531692289294343862329886
[30,4] -29171734528800174384930161
[29,5] -36483835156
[33,0] 30209497322529548577254025605167708379092967886
[32,1] -23552102410558725429447569809214119470051429
[31,2] 1239175278103963715621416838960380333212
[30,3] -67234323162169256314665422864205808
[29,4] -143751950185943912758463956
[28,5] -66296391584
[32,0] 10900062101403343234842138678209715171756633529
[31,1] 10939853505115903041668408511972684665017078
[30,2] -4509112106956427159493199208679730789269
[29,3] 115912253675524617506908554642429744
[28,4] 55459029002052697090766596
[27,5] 791045433168
[31,0] -13226138220889704782025775274210109308986438416
[30,1] 6736763747431714118278345596126968472600926
[29,2] 773385471477416092121637250789733936614
[28,3] -908405808874820111294024451783299
[27,4] 81799852698790232142538818
[26,5] -1458236323119
[30,0] -1444196609187640849180396314256603686958129200
[29,1] -4914824137252907161757710518577962004342814
[28,2] 1559030307103400873158716858207088830326
[27,3] -32241697282963245943179617759484386
[26,4] -51052707195731139270411759
[25,5] -2521559673365
[29,0] 4581148608164090829055947078439200157433678512
[28,1] -1630289521913641757561144892409037854903210
[27,2] -675335430160867337474375007052810503278
[26,3] 5301106162390204492334138741401865
[25,4] -34617781836172083880034887
[24,5] 13171990311944
[28,0] -223249241735274420716829428607503708806977984
[27,1] 1804596030324791629100380859919493362974278
[26,2] -381942995944453339881949490504462089239
[25,3] 7006205276133933853736111649580379
[24,4] 32195346032117522957703095
[23,5] -12517712485877
[27,0] -1304457882725338519174470963350875679136947712
[26,1] 329760964423106367223895376817630514828304
[25,2] 302015406020993900938705455989468502844
[24,3] -2124723562801131692054446567477313
[23,4] 10086740162276392712154047
[22,5] -23169664730993
[26,0] 209181691503281212502568316479347405964864704
[25,1] -583617288677095569486019945351184178759404
[24,2] 54432947527641847341840526458697762133
[23,3] -1182396277421144913903405800756959
[22,4] -14994658908649830998374809
[21,5] 59997261302152
[25,0] 313164918279854599519205806442137482777601536
[24,1] -45620322895459683961416416356114552545144
[23,2] -95311852517587591575263544072757118278
[22,3] 537366219528237001799098058767964
[21,4] -1503788317972439851065310
[20,5] -16504223560341
[24,0] -74321894810429697254387667472577784101170176
[23,1] 168622326869955743216929842911024614485254
[22,2] 2351115477244794180969950248512201391
[21,3] 150494049265435403042047287628799
[20,4] 5284953535557793730224497
[19,5] -85753132940193
[23,0] -65355393352124373179472696663871564195248128
[22,1] -1962345042830036202460829892721943275870
[21,2] 22691038895519240858044075388019931366
[20,3] -99754151916974740523911864868874
[19,4] -218135080372711441817145
[18,5] 91544865163501
[22,0] 17847280342067863435347911232887913958993920
[21,1] -42638187962815274555996529514970407408580
[20,2] -3886515372821081646115847149401797908
[19,3] -13364903907705565880798325709264
[18,4] -1416486480543256618650602
[17,5] 37603235614711
[21,0] 12398206732295604895847026848296108772974592
[20,1] 4057572304850038894711016021326743454534
[19,2] -4127396146153163393070769304227963918
[18,3] 14129089791414047750836358109226
[17,4] 203173164872819242198340
[16,5] -114441729811935
[20,0] -3116466157976392513287166871126999664365568
[19,1] 9134885053885312161387432714623166213840
[18,2] 1244070878395255349077440347371626705
[17,3] 621321293115515933129805407019
[16,4] 286480709549482309538610
[15,5] 29251326215185
[19,0] -2236475935102980060386694998160157587800064
[18,1] -1598089646248495060921879290215283991312
[17,2] 565459354544761173043347070970768898
[16,3] -1532977003161883835280546696960
[15,4] -63528631492250407091587
[14,5] 68943557475708
[18,0] 377303912425612480146933567063958244229120
[17,1] -1604615358669885991262766031275473915376
[16,2] -251349302438390020636477972639146181
[15,3] 22510321611995352277333683920
[14,4] -42832098608655870450501
[13,5] -46376784945596
[17,0] 384752381054548148541568112400833627488256
[16,1] 408977417017108134298400916967002408256
[15,2] -55834692623899931848272057092682868
[14,3] 124747685284955267732138704621
[13,4] 12224954883632532909606
[12,5] -19271551242254
[16,0] -20707393860920345065088485781181943775232
[15,1] 223129155390063355953147971167170199040
[14,2] 36160701892430439932519169404619403
[13,3] -6394811499102476629869660494
[12,4] 4549917108575957485880
[11,5] 26575755590775
[15,0] -59343235599309068499340570423857710628864
[14,1] -76740242572817288601096649329154013568
[13,2] 3554939822082506473908074141890892
[12,3] -7117375129790049817363450103
[11,4] -1559004594857488537546
[10,5] -94795792094
[14,0] -3726126416283233702636162544094805753856
[13,1] -23383268540328247934978437222773484544
[12,2] -3782933843078545860565939031572612
[11,3] 456657722242351643340387041
[10,4] -316961985315658476112
[9,5] -8242854643594
[13,0] 7401407963675115247609745237100346736640
[12,1] 10843088546592195983400881239013594112
[11,2] -90950571325483635360657418436522
[10,3] 220994540979567500238628944
[9,4] 129937932077457513633
[8,5] 1683707852270
[12,0] 1393969489319953910048267035299702374400
[11,1] 1681460772975478710801102697487727616
[10,2] 283287623241674323727405763379133
[9,3] -953855378519399974578880
[8,4] 11645155027804735469
[7,5] 1437590472235
[11,0] -640237027314376560551117640119091200000
[10,1] -1147688581387299804001371400813588480
[9,2] -5808583408001408091640622348666
[8,3] 3065699151194791751386044
[7,4] -6579910118805027890
[6,5] -482447793732
[10,0] -248290227717215164968721247423692800000
[9,1] -62778904661791706951838863995289600
[8,2] -14526710068286303307960881807103
[7,3] -2710740964083126425227684
[6,4] 13439191420649164
[5,5] -130758725624
[9,0] 22300229488288939830082613438054400000
[8,1] 88403606281544915976698726146048000
[7,2] 627682254331509829924065590560
[6,3] -600279105454058397889456
[5,4] 156088010253781946
[4,5] 58075197384
[8,0] 27534007124798649555133508091904000000
[7,1] -946170198800118232721626234880000
[6,2] 469242838053235133200603769600
[5,3] 241439741116023168013712
[4,4] -13647690929398018
[3,5] 4928657796
[7,0] 2771220738726954632135458160640000000
[6,1] -4650693487036583228659938099200000
[5,2] -22594442170427451073087488000
[4,3] 11880407743501404525280
[3,4] 3192197315651104
[2,5] -2748237056
[6,0] -1613703081911785669854756864000000000
[5,1] 198960391021923920345300992000000
[4,2] -8151802255441282616893440000
[3,3] -8491726035591787020800
[2,4] -909411952865984
[1,5] -34369008
[0,6] 1
[5,0] -461082214117429481821962240000000000
[4,1] 144642756049933143543644160000000
[3,2] 351401121683242621337600000
[2,3] 734594483059135488000
[1,4] -416470907744000
[0,5] 24468000
[4,0] 1924018315266959333130240000000000
[3,1] -5731296344107579028275200000000
[2,2] 52655885737119711232000000
[1,3] 71699370461184000000
[0,4] 148343652000000
[3,0] 23770719704860533876326400000000000
[2,1] -1732344128499326386176000000000
[1,2] -3101401873907712000000000
[0,3] -16235790336000000000
[2,0] 4152090778141577969664000000000000
[1,1] 24271753542893568000000000000
[0,2] 440301256704000000000000
