[73,3] -1
[73,2] 2231
[72,3] 292
[74,0] 1
[73,1] -1068471
[72,2] 2635826622
[71,3] -38106
[73,0] 36709144
[72,1] 8876495388447
[71,2] 13954624204494
[70,3] 2917372
[72,0] 449194474428940
[71,1] -758506411971533070
[70,2] 10108429182978347
[69,3] -144174781
[71,0] 1832322339190545270360
[70,1] 1275379828876768261676
[69,2] 2203910445174659989
[68,3] 4737865272
[70,0] 1106518047012978737760042
[69,1] -207484028389882048657012
[68,2] 200838424083305628510
[67,3] -101125998304
[69,0] 214355083659947449083417528
[68,1] -1152878884295955975627544
[67,2] 9279237210479688101714
[66,3] 1225425619360
[68,0] 11563352906159267611790363172
[67,1] 78784304162448034269913014
[66,2] 247412307459427965523238
[65,3] -2613741422022
[67,0] -328627228332834185116663507512
[66,1] 1197149978201991780351711112
[65,2] 4138406372959587233998602
[64,3] -154633874083560
[66,0] 2532108497505585921600780514395
[65,1] 3962698967436081356498666769
[64,2] 45420780904703621087049620
[63,3] 1986231394006956
[65,0] 2149922690752131681395116784096
[64,1] -43036065993839176217125191929
[63,2] 329313705567496130014687580
[62,3] 74934941892360
[64,0] -96348444231486216163852962091792
[63,1] -533510053394580157680323872996
[62,2] 1491103373498800150878367686
[61,3] -174148075252072892
[63,0] 95975284228759190707618983904976
[62,1] -2497068607175277656950258662680
[61,2] 3115913783809961428386547010
[60,3] 793348839696692936
[62,0] 2132004371008925888394605271581940
[61,1] -2333729397132906544767469173118
[60,2] -6384211322424677479477329132
[59,3] 7838418681381688260
[61,0] -548575197985949144991818087690544
[60,1] 34493441759525401471305203134598
[59,2] -61861477184476111815569298260
[58,3] -57209972789194972792
[60,0] -32284166898342268312798059808926792
[59,1] 173639684991057856841106221161376
[58,2] -134689365225819697379126076076
[57,3] -237961935385653960557
[59,0] -48310353030998120346526792371021392
[58,1] 204329866069833828153320660197168
[57,2] 172482684662316838813209636433
[56,3] 2129300479818942951852
[58,0] 282319096537465088655361197390799561
[57,1] -942954690960474508649491921507119
[56,2] 1402669788731818395805429013594
[55,3] 5837648023023333571674
[57,0] 1584364481813300019737858921100367336
[56,1] -3800466130011133273948290731521425
[55,2] 1596948372154864898402307835514
[54,3] -48519721067484931578108
[56,0] 4131289095639903554422615257841555732
[55,1] -2760638561808481430869760419190630
[54,2] -5384053285448221195311190715979
[53,3] -118954449066537398538561
[55,0] 6469686060974221280468442440712901192
[54,1] 13661510390592888771958452669703428
[53,2] -15815046139636409437312458808309
[52,3] 700912802815030174115872
[54,0] 3944843429590631788300689702753337558
[53,1] 36896368748906227288805680884332100
[52,2] 4472500217846670590639319792730
[51,3] 1793251744094449531777796
[53,0] -9824439558503156088224043568860116440
[52,1] 9793548248317842034554001161787128
[51,2] 68088505416629843841767783595030
[50,3] -6560922632083910729714616
[52,0] -34708250955470988633359787897426344692
[51,1] -110782957883480545184609023279779026
[50,2] 48596582395057057359783758635922
[49,3] -18587187705372996731288683
[48,4] 1095
[51,0] -53436189974616924591510382962190774312
[50,1] -192078669653162283919966385998108288
[49,2] -178037289845478205129922529517010
[48,3] 41193889493302010513000803
[47,4] 690653
[50,0] -33023104687854867741955733700480235621
[49,1] 46648707063257111613945298167972497
[48,2] -270956083198441169715629698586315
[47,3] 133581191910137092207055021
[46,4] 101751196
[49,0] 49214159877949996499240030584546575632
[48,1] 542765623043804816710444161001331903
[47,2] 288749597943899966054795040732354
[46,3] -178994562672711402490090538
[45,4] 5862615254
[48,0] 162438109698296861961819717125045689256
[47,1] 533901531755783567173563467243272724
[46,2] 805017274251485835337332101313459
[45,3] -689420317844741210926819160
[44,4] 173100912813
[47,0] 205654246130590990232473124233040797024
[46,1] -532858160097107988947659761996492192
[45,2] -208029181802133537154315430771174
[44,3] 546307300420804164201878112
[43,4] 3026323446391
[46,0] 68985664979197618859661271758338367304
[45,1] -1561717726555346713889412352911820278
[44,2] -1659394669274183673576117553063554
[43,3] 2645797415368316383252306937
[42,4] 34224728881624
[45,0] -238938036837460753745671249952528159264
[44,1] -639060425517947938048703640503245498
[43,2] -301053657940861427383104895867456
[42,3] -1151187204794754776538200540
[41,4] 253154382697344
[44,0] -501420273751216001367155125166950627632
[43,1] 1880128598144081838595404879101757256
[42,2] 2567896499954792918061369880996486
[41,3] -7766880959338312003110508529
[40,4] 1280378424931668
[43,0] -400754429614379286290751882478201207776
[42,1] 2708725185116921195554435872140695816
[41,2] 1267001079038301560649341897910229
[40,3] 1500452275965887952663472660
[39,4] 3206318679069532
[42,0] 152173784845273968890341799558596923003
[41,1] -241254579527224507746189911386610653
[40,2] -3088792240406524520782520298775941
[39,3] 17822331949258803833504428200
[38,4] 5708008067159496
[41,0] 778934476806731270602651976578129725160
[40,1] -3867149911755297967331434209773580283
[39,2] -2345746991590204130711930279200480
[38,3] -453285111959350798735089432
[37,4] -47013596151564160
[40,0] 853055454886942676047794524603454379060
[39,1] -2734562251031188452885635186654207578
[38,2] 2937823148881338423183084097206762
[37,3] -32489861712853767900511283875
[36,4] 24499916754211992
[39,0] 103014519630618155861900723489086465384
[38,1] 2691421193781246459745716719720658356
[37,2] 3006203110991612277509757160900371
[36,3] -2983678771739220946362837708
[35,4] -489440765141197320
[38,0] -937194494502695409015513239304486102346
[37,1] 4732152214032426465176424904371353508
[36,2] -2228939136768264008687758742737398
[35,3] 47614971179385696122460583744
[34,4] 1127352818736042584
[37,0] -1243252647013865743233666638661345197944
[36,1] -73407939965150899993545349622711224
[35,2] -2942271905008765903343897715937298
[34,3] 8228631530548322332885109340
[33,4] 874287651322631264
[36,0] -327266726794353297156641064606478492420
[35,1] -4326962929599515370366446798760983694
[34,2] 1357866250598996625917215805485778
[33,3] -56567140000502230559813399622
[32,4] -3745773945905997562
[35,0] 1047940619184404121619433033876892712184
[34,1] -1817769138721429591338437530200542456
[33,2] 2290417312242928785702477673348934
[32,3] -12807405988831009842768830960
[31,4] 6658554188559464066
[34,0] 1419855820906863880061621388281353471145
[33,1] 2380598946065309599204364396539361259
[32,2] -671748720320630785334210010361970
[31,3] 54767216258641861820105623570
[30,4] -6693412726108463920
[33,0] 231692950761907291435161296619497465024
[32,1] 1981902322636076675941469752994588365
[31,2] -1452476884981846352766297010864560
[30,3] 14156754122862915735352995976
[29,4] -25179783384064840420
[32,0] -1208459043066554654961293587547256792672
[31,1] -616771933815578241119279993369285740
[30,2] 275516374632243856262818093541788
[29,3] -43326111002159315066732677736
[28,4] 53757323302329365146
[31,0] -1151340498715505870248956488666418735792
[30,1] -1122776988233601783153698140006750520
[29,2] 764443949255111752798324122694230
[28,3] -11837173631727084167022607760
[27,4] 27635316748587136190
[30,0] 246218711668625329660593411501429925140
[29,1] -175167992999245929465843060538719722
[28,2] -94485957929023077114355437480408
[27,3] 28006472002546579665718100530
[26,4] -117481889078059820088
[29,0] 1106848220868088279696119043703023747408
[28,1] 302935871359712870706030490271741938
[27,2] -338718178307490303409653442822644
[26,3] 7668782506587666666719235268
[25,4] 17412922771438783696
[24,5] 73
[28,0] 438534762487674525026467739570754151672
[27,1] 261211952944753879402994949824447456
[26,2] 23799997708778872853821109465128
[25,3] -14753635314369938701615566541
[24,4] 126491095196941166799
[23,5] 3942
[27,0] -592898261937443810836982477655171395792
[26,1] 66492455330641894430572957867915968
[25,2] 126667999297964571353375545944111
[24,3] -3882528330586678929511336130
[23,4] -83143845214228556026
[22,5] 435080
[26,0] -543676492484388045425378841691949624389
[25,1] -135136330249959140216715541313323229
[24,2] -114006863258613786638417860592
[23,3] 6299108101846800130303059890
[22,4] -55452066347172357220
[21,5] 14856741
[25,0] 184611490702444949103359030004027481880
[24,1] -117946636024761206912136663397526643
[23,2] -39066356854184701875943973399806
[22,3] 1536658039713747882579342104
[21,4] 106016630708462863334
[20,5] 92980830
[24,0] 352881480060107878106976308908595902508
[23,1] 39871900141283666168992747064468430
[22,2] -4700183103691994843942169625531
[21,3] -2160735708511788543174205495
[20,4] -27091908290921987394
[19,5] -587235214
[23,0] -19492317627359089537034997582671601928
[22,1] 70323503921072366055530052136133532
[21,2] 9308853782439035072917778037069
[20,3] -473122481981431813938463488
[19,4] -73243803732123385950
[18,5] -2127033266
[22,0] -158339437098928112470150235784793873270
[21,1] -4576520895707052015724696391178356
[20,2] 3359361345759279148529499508878
[19,3] 588095767267659167475186124
[18,4] 54365477352443497509
[17,5] 6326566097
[21,0] -11091665709557627327523885924426035560
[20,1] -28390279820996625987886844021941800
[19,2] -1474293137851713511243264360598
[18,3] 112301627446175818964042652
[17,4] 28737190849408583470
[16,5] 7257530060
[20,0] 52664764124460009219460270812340264276
[19,1] -1802235681606054796748388105598678
[18,2] -1454928241872403459026231991098
[17,3] -124887421728982394112732745
[16,4] -36075898159222077067
[15,5] -20276948952
[19,0] 6841699540667607520885118219584796776
[18,1] 8753405017583629197134311713191408
[17,2] 81168388215005479777928089906
[16,3] -20305210350346424979332523
[15,4] -5145372532034136455
[14,5] -13015326366
[18,0] -13247854662252610006912591103509456031
[17,1] 1108043877567696751192803441839603
[16,2] 441944245378634166095981394985
[15,3] 20254674767291221789381397
[14,4] 13336296238971066906
[13,5] 34582481917
[17,0] -2114730243960584734779827783615541936
[16,1] -2109732092762777094441543857870867
[15,2] 22078088071553393449121313778
[14,3] 2770899511672669860228314
[13,4] -421118426302584736
[12,5] 14096323068
[16,0] 2524081821833231545379214677334824520
[15,1] -291465526176249746773799451874372
[14,2] -96501722537271842969578194053
[13,3] -2454982299860950487963572
[12,4] -2885814591644731455
[11,5] -37779257402
[15,0] 448179096085114856139264846310975872
[14,1] 381976650647738729249610640743920
[13,2] -5071834156253940504735146914
[12,3] -284855444168259689354088
[11,4] 394961443068590051
[10,5] -7343761894
[14,0] -359921903860064980209430120341602448
[13,1] 46271908967839960028536066856542
[12,2] 14951023492112764150391674166
[11,3] 221379596047026842525745
[10,4] 341484211475911233
[9,5] 25845909369
[13,0] -70274497370963565469193899811285760
[12,1] -48450339757064463107730598897598
[11,2] 173846672945769163932256456
[10,3] 20288568844411482833264
[9,4] -76041192808515614
[8,5] 578278771
[12,0] 37315793297857637224526322293634816
[11,1] -5151347253253032650141306918472
[10,2] -1556315163464814591220043090
[9,3] -14908528462757373650324
[8,4] -16404985978362993
[7,5] -10035743182
[11,0] 8295469867064752911779056538646528
[10,1] 4083519748086022848975343293192
[9,2] 54496717184960712735587652
[8,3] -449206826735373183554
[7,4] 6472389085849998
[6,5] 888063250
[10,0] -2636415101666942742582477741277440
[9,1] 425465344798121134959266836512
[8,2] 104427210001501023118735581
[7,3] 599021150161857348582
[6,4] -397535446260180
[5,5] 1957827588
[9,0] -724459026876713521226435649540096
[8,1] -218902902460016246905792358304
[7,2] -7573853884320371939737034
[6,3] -50157411938781647232
[5,4] -230683293355288
[4,5] -333432026
[8,0] 106311007496668604091981794297856
[7,1] -21459643609712274083674279296
[6,2] -4224948065769289202435231
[5,3] 2558080879653479048
[4,4] 56001646010918
[3,5] -155619940
[7,0] 44025712052674733065429341732864
[6,1] 6812749773770436763770077568
[5,2] 367101852710409407924208
[4,3] 1173101008463424132
[3,4] 3658040518278
[2,5] 37620404
[6,0] -495355917969294130713546289152
[5,1] 316776744199015954000349184
[4,2] 92408097762902532616128
[3,3] -851357101944477328
[2,4] 348960093396
[1,5] 2420972
[0,6] 1
[5,0] -1601791824187497469124132536320
[4,1] -117235299528323246275633152
[3,2] -5436423200101356785664
[2,3] 114018860545552512
[1,4] -729013364704
[0,5] -594448
[4,0] -160493246593041801342202675200
[3,1] 15424905504062160290119680
[2,2] -869986279768606838784
[1,3] 9492180319503360
[0,4] 93963276352
[3,0] 18958367339562550057500672000
[2,1] 2165983519370817574010880
[1,2] -888730895845490688
[0,3] -1678695373799424
[2,0] 5451388454079595271946240000
[1,1] -296005746502725953126400
[0,2] 10261929797491359744
[1,0] 471636757101782709043200000
[0,1] -22340467919268347904000
[0,0] 15795415826212847616000000
