[103,3] -1
[103,2] 2232
[102,3] 103
[104,0] 1
[103,1] -1069957
[102,2] 2592866895
[101,3] -4326
[103,0] 36867616
[102,1] 8897673574608
[101,2] 12572718155224
[100,3] 88271
[102,0] 453082240511176
[101,1] -757537534215916609
[100,2] 8563254597996003
[99,3] -620060
[101,0] 1856181757273220355136
[100,1] 1332368126223621280686
[99,2] 1932269727107294345
[98,3] -8960382
[100,0] 1289370839294472705035188
[99,1] -230093959495296427641938
[98,2] 206158977608002394741
[97,3] 201532375
[99,0] 292184447486279774031605344
[98,1] -3924219702892585812228861
[97,2] 12626854887402235946681
[96,3] -575461000
[98,0] 20060704932204048270335733016
[97,1] 136745215111884795197708655
[96,2] 499946952999986285602533
[95,3] -17857873230
[97,0] -347737895985296697405103085888
[96,1] 5143711015707808173477606166
[95,2] 13824383848247362807703757
[94,3] 146375748001
[96,0] 437942122758637959661941183778
[95,1] 69367022066518439992342056844
[94,2] 281318252093318275032118081
[93,3] 750016192109
[95,0] 33909827211744936641072216113248
[94,1] 356493768924845545741268744090
[93,2] 4369071709708941993587089073
[92,3] -11812274941146
[94,0] -5399154896992420330543280334408
[93,1] -2709472465927162655304989235807
[92,2] 53122691636627951706377767265
[91,3] -12625948313277
[93,0] -1497178700366483647322217726504192
[92,1] -72175024655217510305465451908721
[91,2] 514494488874879005203744686010
[90,3] 578155637463825
[92,0] 544276888536958543909058909865124
[91,1] -791220511845138881650714873060696
[90,2] 4010371916948724050222028470060
[89,3] -208878780743418
[91,0] 100670648615579191663824664963371424
[90,1] -5960332619443450622668361968057875
[89,2] 25239241045834270962518381318724
[88,3] -19946832989907650
[90,0] 707328004503031270143431231039179144
[89,1] -34112870767911656013551812465781739
[88,2] 127429613267455565483461979950322
[87,3] 14446931441743673
[89,0] 2255743441238334655412977491616504000
[88,1] -151067934428763547400931146980045256
[87,2] 503921888917806506260575091996143
[86,3] 514310125244015403
[88,0] 6610403456138652406804915331701433167
[87,1] -502721194832762704432439520233439341
[86,2] 1455497234959782617469203337403869
[85,3] -222856400982379203
[87,0] 114017093236513178718937283902045582144
[86,1] -1165562708801551264629066924180356060
[85,2] 2308221392879247345784027861544747
[84,3] -9974790159055850580
[86,0] 1774387334382363581015247289385724860592
[85,1] -2001273321950898694343041708454533882
[84,2] -3482808866137235427748486582211395
[83,3] -2631373742032011408
[85,0] 18509012588254985441662683185860869488064
[84,1] -10593044210718392340591608563519282541
[83,2] -39650365203127965221863552879392123
[82,3] 139976993980671905951
[84,0] 149000728582249615039469887029327861384168
[83,1] -116224226719903646087616578860561406790
[82,2] -152130937830329082635489586188122897
[81,3] 166750405341472704655
[83,0] 1001060123033942753878733301189739714901312
[82,1] -888696260830211479365681143207787880700
[81,2] -342587472584159974031631710787859643
[80,3] -1293640828390735921764
[82,0] 5857198227302183139888447852399499730536688
[81,1] -4922006081468576233170898178994587020486
[80,2] -294840244223517757280571028150330383
[79,3] -3087990839865800151062
[81,0] 30620142746088289169590478692904530338674816
[80,1] -21319060446741523932799482047910834577306
[79,2] 1142429519534711409276437672589378524
[78,3] 6009928143927644298230
[80,0] 145445005800969825493338931135092769213520988
[79,1] -75004671801114182045513346759279540543552
[78,2] 6064814736237047048494908626866045413
[77,3] 29625429032446548515784
[79,0] 635048250585709420190753561784105834054879936
[78,1] -216370819157851251947431988679752032161856
[77,2] 15089865412113963067890856654306173178
[76,3] 11076421549881083191083
[78,0] 2570043946442117651595587057989270370972223984
[77,1] -500420009300015147459557172558522883133174
[76,2] 19483328825209463107397325118719070131
[75,3] -136110766776865975715469
[77,0] 9699435636241000947565456491988636924869350912
[76,1] -840491398241953939856809254871271021747038
[75,2] -10638015773328080037764250914691470212
[74,3] -308244285116572674192723
[76,0] 34292896758279202774207207984935051228809287400
[75,1] -548062148619257922176656213634066608325632
[74,2] -125426636132235263040088736515161993324
[73,3] -22210906600654304843710
[75,0] 113978312679058717023934978491229240735507836224
[74,1] 2639932249570686463578798371724244480169650
[73,2] -344248553790609907914277791550389015184
[72,3] 1319412484846312066513972
[74,0] 357081696009743425070596731630139727300445897616
[73,1] 13849329809101179460665958627136144568372586
[72,2] -521752848698164583317421480232651795514
[71,3] 3199119853098972301017207
[73,0] 1056705038248955787717543257715617205503037686656
[72,1] 41160699557202830953499531224905313559202512
[71,2] -185235489565341874774006998430553481526
[70,3] 1650680953529677409948313
[72,0] 2958732898917444174657644678694085574933675086255
[71,1] 90475814588497955186585022069349853583350817
[70,2] 1412258975051136423675542912196549264613
[69,3] -10183118996386308392576661
[68,4] 103
[71,0] 7848991966849825640604024579524892236831363701920
[70,1] 148402218485264308381853834062930956188380416
[69,2] 4619375639329157560796690034692851215550
[68,3] -29727824267705339544460674
[67,4] -6695
[70,0] 19750718644712912897762120503143774729824426428200
[69,1] 147101405650828971493349713944434791816727419
[68,2] 7918629213446719544158537085111905956935
[67,3] -25401987446028200411469608
[66,4] 537042
[69,0] 47192961632767995859223549456314553733280820446656
[68,1] -84060556777447110618936304094938434103378524
[67,2] 6461808766195980799728908164027436424403
[66,3] 52975495600502043768420052
[65,4] -22289921
[68,0] 107191540712346997094161066112613137445979611513828
[67,1] -846843413022040832397792940515616218335186542
[66,2] -7127124043420462472328954030760089601625
[65,3] 198412345970237581664962255
[64,4] 671310225
[67,0] 231700180541658864418856526722607759481368975886560
[66,1] -2503728105779112086902356102181365628669987757
[65,2] -36939399726129842677272894662252176488509
[64,3] 248646469203135742537733775
[63,4] -14738685090
[66,0] 477218908946269089469070409811068882182088487910904
[65,1] -5189771101006804696259284203584614271891257325
[64,2] -73001428925254895846036042576429341962098
[63,3] -90592215695334796676563776
[62,4] 243944486416
[65,0] 937847926032194689858354427469031377562875239468480
[64,1] -8209856842934197749780147952747793513113733230
[63,2] -82369199429876883416039962291249191216307
[62,3] -937054068771519728437485419
[61,4] -3087428303210
[64,0] 1761233786650967866821712101306949813143469227508130
[63,1] -9190435699620581382755259014671170885551405356
[62,2] -15784403619764993213768557146591641153657
[61,3] -1684413143706848206875260709
[60,4] 30023878481211
[63,0] 3165539216917387805462757893176483005776455581504224
[62,1] -3407080785355327665492495193744563742104256798
[61,2] 158562168926836986267907781755242600862597
[60,3] -840981314942665989511757765
[59,4] -223360735754916
[62,0] 5453876640598750673028755790354606805890044637098968
[61,1] 15858671089655821542920717124620415554796905853
[60,2] 401358851520287566815970127090957917765577
[59,3] 2879601533940984856393668120
[58,4] 1251289693008320
[61,0] 9020855975020161445714038818351431259588568258224896
[60,1] 54894227472889757352633084662356472561347618787
[59,2] 565677468046062569598587742367469050906050
[58,3] 10478900071729089356224631160
[57,4] -5099398972022954
[60,0] 14344526892899087052085137721992508186990557789641332
[59,1] 114524185884516224112229220229568670243099447080
[58,2] 431245154129277247016545531725692898820512
[57,3] 39188154898155116236751499232
[56,4] 13978299024598251
[59,0] 21956821765073347104503784734663331898020971923817248
[58,1] 183338698818503785491584590246272463416797638321
[57,2] -164252494635578854883292777865145534806468
[56,3] 202872753650815413797226433119
[55,4] -19926425614157288
[58,0] 32387502107176460632314134539924385963705799965785960
[57,1] 231982775382332308238851658932469962693782319793
[56,2] -1146368484976108432395879904824907619444067
[55,3] 936677754927383127678158738935
[54,4] -12530115808159262
[57,0] 46081111022786789449786922489799403333227125165167552
[56,1] 212733250253655840079286786968657635986117476184
[55,2] -2105253347729854105150329233595174038039157
[54,3] 3336389506736040796937102868400
[53,4] 118911415681491219
[56,0] 63293198338766418206019884556148434248755399545022177
[55,1] 68248042752125512599628646930031199032289769073
[54,2] -2406404268580593692947943021752488981492605
[53,3] 8746812114420017631572290737047
[52,4] -224476545880484587
[55,0] 83979738794603548740979787611164693105179279219676160
[54,1] -249451809959728223749237247583697969475121332164
[53,2] -1521488406596254563766084715926466739930201
[52,3] 13600015253734682019294142912626
[51,4] 136043405733209991
[54,0] 107700254326780017040200790492745761720996821622809568
[53,1] -753506567283231000500588236198559254615598969264
[52,2] 589986791019260925974678856013199465905475
[51,3] -11475144125188735028594833215389
[50,4] 208412082683870643
[53,0] 133558833867557993711453141978701216683279128125611072
[52,1] -1398857362841455822882486846749989116770506681269
[51,2] 3312505196215854243973029133056728418173439
[50,3] -172180582721903852219045304620576
[49,4] -683547974361135135
[52,0] 160206481952929506223878584470723804189560125265321600
[51,1] -2071837595595758862486991973328943903949976760922
[50,2] 5580480466435853176136372146199312970074521
[49,3] -700246370117299293516925220539175
[48,4] 1478670529044930119
[51,0] 185921574615461431716881499319631476965750802893705600
[50,1] -2601038279557685861482561257881473494139019260634
[49,2] 6363745109535385368546336731520266335604999
[48,3] -1785619301579058788268413374371801
[47,4] -760613638414198430
[50,0] 208771762856878489021960546654375423424794521650413440
[49,1] -2790676090832933301160113332273153642049700138732
[48,2] 5134387826227317491002983011102050764138678
[47,3] -2631648048015394977696615708180568
[46,4] -9225767019393553643
[49,0] 226841805370836891409265671815211139528497411611796224
[48,1] -2468989087784877508629915123399948811412411514894
[47,2] 2047541620452556323747934903404703780323402
[46,3] 783077229791727783721840644220869
[45,4] -6355355712609705304
[48,0] 238492507410896039615546947886097374897114035121862912
[47,1] -1538049653344784750599626315610748605346501431488
[46,2] -2192243512841632422054410267519543563125077
[45,3] 17719056223946264689848377291034612
[44,4] 72444519432765011072
[47,0] 242603290434503536189463240590189832885043575768248320
[46,1] -10389941722188282841464095980651884041790213228
[45,2] -6589433390804223881125035756020443011753776
[44,3] 57539785957834039946733952608946017
[43,4] 197939266894144992579
[46,0] 238750030526046092022166565709729555505123919400105984
[45,1] 1978520793053612953441712344069218560202147840328
[44,2] -10059488426151921386232327795651159067683017
[43,3] 105895492002646999247200430535967756
[42,4] -215148294787352141845
[45,0] 227280820455195556932405098765084709117094679865901056
[44,1] 4186882590176777846170517936194703315418870518716
[43,2] -11585479661945126870113999654307021502998552
[42,3] 82411372890707064605931093655471908
[41,4] -1694045068577944739326
[44,0] 209271541925598646424568481244830984290925717218889728
[43,1] 6310397386794504478457532642287326463472007473808
[42,2] -10463504533297776283114735749768951434435160
[41,3] -175222439945132427457697333762922632
[40,4] -1750336079273599299195
[43,0] 186366457103759388683886987024786109020414095966060544
[42,1] 8044371387655699653635180696469105310281683245872
[41,2] -6648241061923662450934733499242574923462560
[40,3] -800975510715467186237114723217251055
[39,4] 5970358704218532353722
[42,0] 160532996053343638215890754239236410858625896194408448
[41,1] 9148790264450709035276053178898446968490503593472
[40,2] -967791218458222605243906553952229293401109
[39,3] -1598701523033398274778712582586050650
[38,4] 18665597270363138456058
[41,0] 133779778615620997120943612566104961853082444023398400
[40,1] 9498302614341701225327432737221529721087628725920
[39,2] 5075205783944053328502859725486854326154868
[38,3] -1716226613685597775675130623921940335
[37,4] 5291023122565156350663
[40,0] 107895783575171217382887628471929194188277199756984320
[39,1] 9102669634926098016131358459060373168482867272704
[38,2] 9931242256775698200685019782874011328124196
[37,3] 205489290040128889865055571220425299
[36,4] -63657270362693522309446
[39,0] 84261059569116362234985251026654273753228739469639680
[38,1] 8092963644713796388643496027516888693455333778432
[37,2] 12717053311041825703618118721925229889771928
[36,3] 4927855220900139721191634340715970933
[35,4] -118540117204724497386168
[38,0] 63756741974723704920231958587200811555742148535517184
[37,1] 6680396475358037380760485701379071145399250229248
[36,2] 13573681160456772015418203264239268511250754
[35,3] 10896644666106825141716190524052692153
[34,4] 18889547450622725872831
[33,5] -1442
[37,0] 46773306571814661039314440923112781752352247847583744
[36,1] 5102662907124461723967868527283577196559937524736
[35,2] 13482519513552015945983820439984488116446528
[34,3] 13516796640007407193079657457410003195
[33,4] 365424902879826806326622
[32,5] 38110
[36,0] 33292441190506440516727464840173830874184636582330368
[35,1] 3574066031339805869099535240319049690458086346752
[34,2] 13708003141041893285031599967751417976721620
[33,3] 7265327823374767429230790414542318062
[32,4] 479830433019052848516159
[31,5] -521180
[35,0] 23007026306169211892555996030678273978961955527852032
[34,1] 2251250668029267054402001227393347104600533684224
[33,2] 15201215410622323346512124770830457946767464
[32,3] -9562271592422307855693371307179983666
[31,4] -177231149636385578489716
[30,5] 5975442
[34,0] 15445775500361548957643167132488970222412449584250880
[33,1] 1219269776516017025365132675288883503384155693056
[32,2] 18221596734641026022347127388555017071603846
[31,3] -30947139892431961183216523249752908560
[30,4] -1254040882714581487902875
[29,5] -54342285
[33,0] 10079231727652550745936124462960479662506892318474240
[32,1] 496125478290096458141307660443924267719534649344
[31,2] 22268157098648666342673770621278065968427728
[30,3] -44569406910396292642385089086018446489
[29,4] -1323635454090829773125808
[28,5] 331659897
[32,0] 6396028731737065003655751768563282249670235416166400
[31,1] 49715636863543598613428143412323836733682089984
[30,2] 26292592693255774722572794939281293247197168
[29,3] -39374915787209171661967922461677565832
[28,4] 467252364247332269574831
[27,5] -767839662
[31,0] 3948357805886391074664264639473824831044587551195136
[30,1] -180265150561167747468199213469627537550884667392
[29,2] 29100807611659627117901271907869056078582912
[28,3] -14168651925271292039004951258495978025
[27,4] 2745161105006483927571581
[26,5] -6658819087
[30,0] 2371724401246315155232656673613328999311998221025280
[29,1] -261949323512324677088985447669296176282507935744
[28,2] 29796133705008942038906459689996743180483744
[27,3] 20095343833146116525203559981132107438
[26,4] 3961284940279579907053741
[25,5] 69651236697
[29,0] 1386539250506615616288728546671538814541398903095296
[28,1] -256540877692891134653396745767671137844256047104
[27,2] 28090809646523924470759210660624275343470208
[26,3] 46956031825615837299874318402417035238
[25,4] 13287190214803741650988370
[24,5] -216274861511
[28,0] 788964699672896163751134889133066618191043885006848
[27,1] -210536747437472817409447141788730529362182930432
[26,2] 24360836060485750421651814902030925613911168
[25,3] 54989608785812757602319762462373579364
[24,4] 95051330831564247333709241
[23,5] -416659095408
[27,0] 436951914254905204309244145692810516613606475300864
[26,1] -154058339200864807039712110091101561040182181888
[25,2] 19442609454433294312791952138560808058507008
[24,3] 44053879762546707995871015506293926214
[23,4] 544540247115450307663688522
[22,5] 4594077283313
[26,0] 235508164643812983723305523705425937193356589268992
[25,1] -103205879124791115571826549311285685544565080064
[24,2] 14294411893045652851445206430581824456782336
[23,3] 23243049151167851698890220997300159296
[22,4] 2411221421142893707550711202
[21,5] -5556919399752
[25,0] 123500390161703415476201682373076833605571921838080
[24,1] -64162198055410544784567638405976190545872027648
[23,2] 9690363681871855004186248252708531337506816
[22,3] 3586408318732412695670300558227227036
[21,4] 8538608103955084707787594936
[20,5] -37309537533735
[24,0] 62988090592063239481807830937264395229276980379648
[23,1] -37303781737321386267940915410367769020611952640
[22,2] 6061377904983180235501680444367995893878784
[21,3] -8285281165608609770146994241399282216
[20,4] 24620392299655627903294585734
[19,5] 87714296293435
[23,0] 31228671565007034256256810170904171544703154520064
[22,1] -20375414193177689632014174551474888337556242432
[21,2] 3499158318967026906084507393190352991477760
[20,3] -11762347207624651173617559265261057348
[19,4] 58443475333598010594602457516
[18,5] 197671008455054
[22,0] 15040598117993152376937969750847876716544613416960
[21,1] -10483522614515634716956462388338974839055319040
[20,2] 1863706982415541649626898364558322009047040
[19,3] -9932957969922425114668311901343464016
[18,4] 115121538481627159539114403552
[17,5] -547082946824890
[21,0] 7031247795831938416670957836969794997047789617152
[20,1] -5088564735726021129175830463937906008551063552
[19,2] 914959347019673864523952834111411469549568
[18,3] -6371629267371344747982677927459010928
[17,4] 189286177444982666550223659984
[16,5] -918818922304733
[20,0] 3187223487423002235607627719736853843872099336192
[19,1] -2331565642680052587473124003255489209821036544
[18,2] 413369900201486634060635225795818503766016
[17,3] -3294524504218062437564128090615931904
[16,4] 260883007857613210509997624935
[15,5] 1783293239595957
[19,0] 1399157944753826760329420176222208635662072020992
[18,1] -1008495076469355383731281829350166497513701376
[17,2] 171474367120405939326350100775158141878272
[16,3] -1388477320538387236955733122934977568
[15,4] 302200910074507132617031752728
[14,5] 3567137083789220
[18,0] 593938408330068320624580086411273908873011920896
[17,1] -411586638957316571317674025101100549188616192
[16,2] 65114712533964711575339624250877062807552
[15,3] -466021506219954751079187046909875456
[14,4] 294583687537960178066971743544
[13,5] -2086725758849155
[17,0] 243356227024465798860524492535318862662299811840
[16,1] -158333382326743479141993943997217395104022528
[15,2] 22547043303560829770898409086015707283456
[14,3] -113384884295742396440400420172456704
[13,4] 241616899439204565812351956528
[12,5] -8121853162364584
[16,0] 96029202062714627534137677802510968556986826752
[15,1] -57317475176922010153967989232930138642972672
[14,2] 7082410847548769851156358093445416878080
[13,3] -11762606208172991086688422906863104
[12,4] 166492439886942768366500403570
[11,5] -3176821688785917
[15,0] 36395320293308843099449115450586057577139798016
[14,1] -19475382615671130090818432096384641023344640
[13,2] 2003366903900320525532854173774734426112
[12,3] 5898148117139461524560621740380160
[11,4] 96100241944993230262848525600
[10,5] 6357192643627981
[14,0] 13204782629186730898455723308719997019167391744
[13,1] -6187021003292126297894215322301664503791616
[12,2] 504496713052918647312215599778902310912
[11,3] 4427241847934615236919905266520064
[10,4] 46253283326296260726104331156
[9,5] 7483756384391731
[13,0] 4567784196022540298789826821508142483881590784
[12,1] -1827257385495123659317184147594241927806976
[11,2] 110861208469046503528070906091141070848
[10,3] 1771239270219044241723432448722944
[9,4] 18445265438166249079273249720
[8,5] 1866325811328450
[12,0] 1499082535647861028469891254569447523809755136
[11,1] -497631723913565677047333448977637554782208
[10,2] 20406173967557780295171008181823340544
[9,3] 518932248776640295098559424487424
[8,4] 6042834179959001667937846945
[7,5] -1708627804864409
[11,0] 463945210410604799384735871355728066584248320
[10,1] -123549176721295745603312455577357915258880
[9,2] 2825115695543425599716643066548846592
[8,3] 117886374131124920953860969652224
[7,4] 1608076681062664170917425904
[6,5] -1510681554483843
[10,0] 134398027996047658006532205277725884632006656
[9,1] -27514478210426114212414791293206888710144
[8,2] 168794507762634916856903668403798016
[7,3] 20472766276829302970195019890688
[6,4] 342451102512363839122003568
[5,5] -483938940591672
[9,0] 36105393716978894921804075123388723310362624
[8,1] -5365707811727886599830653188533043331072
[7,2] -52066513482598097318070088913387520
[6,3] 2425094081940297337660545564672
[5,4] 57201396627357964725634368
[4,5] -52873481264886
[8,0] 8890187685005992521485462678859662764277760
[7,1] -880170554262693766861154716718330806272
[6,2] -22697029678348621493049262614773760
[5,3] 82818804478142115558073958400
[4,4] 7288936295798722274591328
[3,5] 8176744717120
[7,0] 1976298663863506557571236397438735138947072
[6,1] -111475979585629834380813195882635722752
[5,2] -5097448358102079755124049811865600
[4,3] -41497752069541348657083187200
[3,4] 680408363766423706216704
[2,5] 2973974583744
[6,0] 388829919088351726157424072071288746672128
[5,1] -8025271902645898273563030835106414592
[4,2] -764239111460733708324854468444160
[3,3] -11246709534389262327427891200
[2,4] 43633926038692341105408
[1,5] 308503404864
[0,6] 1
[5,0] 65922546365387327405461917674831767142400
[4,1] 595153379086007342293772290498756608
[3,2] -70567127436790589969373937532928
[2,3] -1490332150618009789379641344
[1,4] 1709429068377083630592
[0,5] 11082095136
[4,0] 9288031468450410126660927705077042380800
[3,1] 308403938440855801877586910296145920
[2,2] -1241647791359545874240740786176
[1,3] -106851158022495929660080128
[0,4] 30702622235994005760
[3,0] 1034243696841084057835104470009118720000
[2,1] 52696421858683753492281225306439680
[1,2] 693292802411701131984104325120
[0,3] -3246582701631878832586752
[2,0] 84539159717341963699705848224808960000
[1,1] 4881155256162321865869480689664000
[0,2] 82076625713607196226170650624
[1,0] 4473800777543498488431954100224000000
[0,1] 198127904599174520991916228608000
[0,0] 114346345751910504496663363584000000
