[37,2] -1
[38,0] 1
[37,1] 1486
[36,2] 185
[37,0] -158470
[36,1] 43106369
[35,2] -15318
[36,0] 8375285923
[35,1] 37979391591
[34,2] 749990
[35,0] -147855097520268
[34,1] 4808041927995
[33,2] -24173395
[34,0] 12205614333811689
[33,1] 134076117779078
[32,2] 540530595
[33,0] -316045540597129482
[32,1] 319636758595800
[31,2] -8610841576
[32,0] 1993414640219061299
[31,1] -7891462877165299
[30,2] 98794252040
[31,0] 12891604831107279976
[30,1] 2728427087979441
[29,2] -814979905299
[30,0] 51148579504607434859
[29,1] 124588841518808340
[28,2] 4756060104815
[29,0] 47663822129921028054
[28,1] -199023104235056456
[27,2] -18816191141758
[28,0] -126907140763498318911
[27,1] -610866274799094021
[26,2] 44743636530378
[27,0] -530346182647465849644
[26,1] 1377737714335824749
[25,2] -32274405488503
[26,0] -383675272517632176453
[25,1] 1585682954842770162
[24,2] -150525230291617
[25,0] 1324063907995277640234
[24,1] -4955731333030189200
[23,2] 479232873441972
[24,0] 2513794163232044657481
[23,1] -1965692155831860751
[22,2] -330957237859540
[23,0] -813038628353056472304
[22,1] 10914419447005071613
[21,2] -924892588550968
[22,0] -6950934167558500713168
[21,1] -215645669083159930
[20,2] 1944958087949724
[21,0] -2319666400206273904560
[20,1] -15499960653771305423
[19,2] -111200924082570
[18,3] 74
[20,0] 13766277751522410168608
[19,1] 3921315622019506870
[18,2] -3190753946987858
[17,3] 10545
[19,0] 5168294813244986534656
[18,1] 15909334209165214892
[17,2] 2485105354032280
[16,3] 150146
[18,0] -20908333863942338168128
[17,1] -6535577499526726276
[16,2] 2193565289915293
[15,3] -1149886
[17,0] -2370891566033537205504
[16,1] -13643115779127567272
[15,2] -3617632453281456
[14,3] -1272948
[16,0] 22802072219485394632704
[15,1] 8905982738337818874
[14,2] -81020995053405
[13,3] 21227899
[15,0] -5410112104349841721344
[14,1] 8459869233578309134
[13,2] 2478315094670698
[12,3] -35595702
[14,0] -15697592326122745217024
[13,1] -9754236459317984460
[12,2] -867892101236420
[11,3] -38108631
[13,0] 10112861891276739485696
[12,1] -1227340841854227914
[11,2] -849858769009734
[10,3] 132891124
[12,0] 4682209512234741428224
[11,1] 5947929949659292400
[10,2] 576447972224334
[9,3] -22413379
[11,0] -7339441809738412818432
[10,1] -2278459245662943408
[9,2] 100263873315780
[8,3] -163374499
[10,0] 1545572881761199128576
[9,1] -1211485345082116240
[8,2] -162170921940175
[7,3] 91442873
[9,0] 2040290187411055509504
[8,1] 1298892555249827360
[7,2] 17736650619346
[6,3] 74921152
[8,0] -1610697280386570780672
[7,1] -285673821764930560
[6,2] 19079931838094
[5,3] -64055991
[7,0] 297257377763130605568
[6,1] -136855034262441344
[5,2] -5320573348086
[4,3] -6197167
[6,0] 233423353819088289792
[5,1] 100893226199164416
[4,2] -342836560889
[3,3] 13716196
[5,0] -200032745314115911680
[4,1] -23580345682538496
[3,2] 144367547866
[2,3] -1937690
[4,0] 78621018318648115200
[3,1] 676598878725120
[2,2] 54401426007
[1,3] -437858
[0,4] 1
[3,0] -19191705938952192000
[2,1] 747112015964160
[1,2] -18374647294
[0,3] 72286
[2,0] 3007074124431360000
[1,1] -140557361356800
[0,2] 1527500449
[1,0] -281915110195200000
[0,1] 7994253312000
[0,0] 12230590464000000
