[131,2] -1
[132,0] 1
[131,1] 1488
[130,2] 131
[131,0] -159900
[130,1] 42792591
[129,2] -8384
[130,0] 8530133382
[129,1] 34916007317
[128,2] 349639
[129,0] -152215094414648
[128,1] 3637525091541
[127,2] -10693006
[128,0] 21227706341845365
[127,1] 30213511517893
[126,2] 255929067
[127,0] -1162983023579053536
[126,1] -1747781316664009
[125,2] -4996173106
[126,0] 32837789835856774262
[125,1] 12470568776825666
[124,2] 81874048023
[125,0] -569887919721533459580
[124,1] 132219179357231613
[123,2] -1150500354212
[124,0] 7532351506721440523202
[123,1] -3301731099824561074
[122,2] 14093199832279
[123,0] -80798610355476221426228
[122,1] 31468004416804936011
[121,2] -152490681325535
[122,0] 734626551086845411620906
[121,1] -163308965440949373656
[120,2] 1473345170299140
[121,0] -5808886690705352493714840
[120,1] 179560266601828456136
[119,2] -12828124063796358
[120,0] 40667732624113320976155575
[119,1] 5411383591227439972036
[118,2] 101442650590361518
[119,0] -255309744084792546951461424
[118,1] -63377705730723803557348
[117,2] -733555631453406006
[118,0] 1451325249640425001427003202
[117,1] 451572230485342642281183
[116,2] 4879773154503039600
[117,0] -7528256150914474519259079084
[116,1] -2461663962933763438889324
[115,2] -30021083113837901504
[116,0] 35863895639647195720971128028
[115,1] 10900834572502498059987007
[114,2] 171622420820822011868
[115,0] -157801410702016926302331869940
[114,1] -39479722253544945361158291
[113,2] -915576552085158137133
[114,0] 644636027223613178932123701958
[113,1] 111285307629380432291223365
[112,2] 4575725876296297065139
[113,0] -2457112128653410652535896622744
[112,1] -188757735956189227077351676
[111,2] -21497314837603851663313
[112,0] 8781072152807177410587784431273
[111,1] -287800794075461932611702163
[110,2] 95245084386971213312010
[111,0] -29563522349938000481174711539200
[110,1] 4499056336771792102184679263
[109,2] -399104797106570989669964
[110,0] 94208046492742934090935837743822
[109,1] -26129691993295723273402391014
[108,2] 1585839103937607029131388
[109,0] -285443584563026886610063003365372
[108,1] 115247623968140606225639192278
[107,2] -5989660752707094539173758
[108,0] 825916570202533997482397742868938
[107,1] -434439772406920235749928532386
[106,2] 21551166635045217037850482
[107,0] -2291321978037483850702716490744356
[106,1] 1461961466637557780445679602087
[105,2] -74018385217222617951690808
[106,0] 6117197541028326851656705878339498
[105,1] -4485592249851072647498379102040
[104,2] 243114949222404665330240988
[105,0] -15766108543082410742468402619962808
[104,1] 12694493799554173526845087537917
[103,2] -764936105599837109754298685
[104,0] 39335809590884108276058244459009887
[103,1] -33352726464992165271891236986456
[102,2] 2309190929406587341474771357
[103,0] -95220956576335439978383894475489712
[102,1] 81595891059508708789940791162587
[101,2] -6697962130463785828225053430
[102,0] 224063490608293927356341339658242674
[101,1] -185862418222618747657164598171591
[100,2] 18691880903847135575691427475
[101,0] -513298576434236326588717459855597692
[100,1] 392717677269276554786823317376788
[99,2] -50248955524415497449141421230
[100,0] 1146251045517894124502820206115310776
[99,1] -762500614027655076966849695667951
[98,2] 130275308623046427899238880453
[99,0] -2497823409042574224085355753955404868
[98,1] 1332523013725757302338534469235728
[97,2] -326077144455190043208988233595
[98,0] 5316295362824459278040398884547086822
[97,1] -1994500427971547557468121026345223
[96,2] 788736818410235453736335839532
[97,0] -11060100123552386952059099032045723032
[96,1] 2177473706767475537041910321931687
[95,2] -1845435819590457011059546903197
[96,0] 22506053472726946990467018305135530281
[95,1] -134342965790877252319497483978203
[94,2] 4180193820358390371008307248135
[95,0] -44819903290832429239236800128969639776
[94,1] -8512763432316308188860605893845549
[93,2] -9174377039877453374373333546754
[94,0] 87391518133453382104889346053418999582
[93,1] 33512137024626172863016369960593270
[92,2] 19524064503794766395165587007751
[93,0] -166896157928829049866569344636991776908
[92,1] -94798870176257846487935034516574965
[91,2] -40317067616213283727687294523713
[92,0] 312257802980312081832257673241620273354
[91,1] 230445295943428414488567427045485958
[90,2] 80840107947086153860131892113462
[91,0] -572459368143061742647527889971329395044
[90,1] -509022909849303351857083942972185882
[89,2] -157493470126673877111422903489089
[90,0] 1028448156516134202996403432086776723650
[89,1] 1047729785815086769636650503295497574
[88,2] 298304769325832260622462013593435
[89,0] -1810670601685763742337083198830548204152
[88,1] -2037446866989191807700516943565426863
[87,2] -549630982268493119114621453398448
[88,0] 3123934209500973322293837588356140980627
[87,1] 3775303743465319779937125295191438446
[86,2] 985678525977573343840584679204127
[87,0] -5281161291143482870301378380877963745360
[86,1] -6704273029612256874592994478835588578
[85,2] -1721399136833584301428806773349878
[86,0] 8746909014968118613370759699997612776106
[85,1] 11457771000761078764639103437030344409
[84,2] 2929068410750962664074215438134773
[85,0] -14189949446406517490275266252597958621884
[84,1] -18905344525615735341959480728993150483
[83,2] -4858360108787377786852306826753193
[84,0] 22541378315641054640949073004645794820778
[83,1] 30193532311469543451486101625545424365
[82,2] 7858951246682402693200077703278992
[83,0] -35050405336137854491300080235797774574092
[82,1] -46774271635021182405792812100737918766
[81,2] -12403637714481145721635151752918920
[82,0] 53324240510620536594641044772248292101314
[81,1] 70412179494505225222052853170908514099
[80,2] 19108689918379877375877979201469660
[81,0] -79331986678801648873511766035653146695784
[80,1] -103161988246987550977604396686172349588
[79,2] -28746908387393832965846464924416522
[80,0] 115346684375317061382962246949319257687555
[79,1] 147308491506397236143168077184146812115
[78,2] 42247819997998831765187569316881988
[79,0] -163797094010823640511436715940771385479904
[78,1] -205263445682437120709063476696718103612
[77,2] -60679023518293017138759809017003444
[78,0] 227004633007999046941043028285372743389738
[77,1] 279416664204363980102984229817204093268
[76,2] 85203196311466668864610312943997282
[77,0] -306794297915478161726691486110293272550644
[76,1] -371941670656966528220543856338522884123
[75,2] -117006987823063384791582468576631277
[76,0] 403993306577514270810546201922287083412426
[75,1] 484559545679862216676674264918452832884
[74,2] 157201058657636664897084538522604217
[75,0] -517866635962700285570313640603663962275196
[74,1] -618268179123684895224287963840974230973
[73,2] -206694734935438385844493950415133301
[74,0] 645579368014573491541573621892018668953222
[73,1] 773048618860060992655887718370181802082
[72,2] 266053697900443247563162668745115900
[73,0] -781811791704633552784624728362149906237224
[72,1] -947566425711345616906171874102188836572
[71,2] -335354097860459121918998906577377650
[72,0] 918671002983931097879319712349428545503673
[71,1] 1138894507504843591991009955234031385158
[70,2] 414050553371193436613059694747910370
[71,0] -1046028494549179984048028353161190153290000
[70,1] -1342294536884003282747660936210636424798
[69,2] -500877713203386737324786938990005296
[70,0] 1152357851594336858108386543106686122643758
[69,1] 1551104976237144478665813493905757871507
[68,2] 593804616667497162310666914696896638
[69,0] -1226051144489744218086266457461532909052740
[68,1] -1756791394812592594521221953636413273510
[67,2] -690057537564341393632330325619470754
[68,0] 1257071584439584500077566035824316414364152
[67,1] 1949214268363892735028032628161850069203
[66,2] 786220397117680265481937148205175410
[67,0] -1238681504557114332129480874714322876757756
[66,1] -2117155769825134055750393312305276768647
[65,2] -878412816810610779004677506022442019
[64,3] 131
[66,0] 1168904609513516394429367523464068857760250
[65,1] 2249116924117625003855881293638324595089
[64,2] 962535618366080696999785539452290939
[63,3] -8253
[65,0] -1051373146641562503546321561157110449590632
[64,1] -2334350481372289665564998862850185392098
[63,2] -1034563597456724238449128007019873737
[62,3] 247852
[64,0] 895292910576098399416331082369420214676271
[63,1] 2364038849804302791923771145088412620233
[62,2] 1090857343109293511551493353021511620
[61,3] -4645391
[63,0] -714425791867716871583945995964432850582720
[62,1] -2332471712462906141662685113777762079501
[61,2] -1128461197949923630507968998536756640
[60,3] 59621375
[62,0] 525207000921428645223567201102634467262962
[61,1] 2238039377973669079463496220817277609964
[60,2] 1145354129510526549764008456905635557
[59,3] -535913271
[61,0] -344326736984166458577419281662725255556852
[60,1] -2083850189510096607633154425499303742160
[59,2] -1140624597031291986323800208740860208
[58,3] 3192642396
[60,0] 186252420392208480358880967226534605750090
[59,1] 1877813275472747166083841157062840040696
[58,2] 1114548967885996365608048572501636592
[57,3] -8618854311
[59,0] -61199979960415496832039337633330610071980
[58,1] -1632102234430927506810890249691285601929
[57,2] -1068564471666296075971243771385052324
[56,3] -51669330601
[58,0] -26035316432622739330199254869872457506634
[57,1] 1362020269929722473218469642703798143242
[56,2] 1005140380605304830144996270576846565
[55,3] 819577012825
[57,0] 76183476313597148877062869217506076732088
[56,1] -1084401775168280090697704615709245314695
[55,2] -927563168601998086196956965020621057
[54,3] -5626596645985
[56,0] -94590934417535876592255040850232089867847
[55,1] 815782682673203031098327766696697634506
[54,2] 839661054987514708618110110409048407
[53,3] 24430413048853
[55,0] 89582986234267645223189597348456266794480
[54,1] -570626792239197757406400464568355826697
[53,2] -745499248441631169066590020771976258
[52,3] -61998097067657
[54,0] -70528118751956759453761777556055193658450
[53,1] 359891576625669267474999530924967435681
[52,2] 649078689256249952406828675038989240
[51,3] 112042038154
[53,0] 46056799598370351781825309101230996479980
[52,1] -190152946160574564867559442756870552014
[51,2] -554068200720047397169736103312398156
[50,3] 831637762662019
[52,0] -22789200424633957239651760660206660137700
[51,1] 63398245352449304195715452425422375209
[50,2] 463593442098697873229885116349431691
[49,3] -4359805991911658
[51,0] 4748549341459043058831393243605894550516
[50,1] 22533263717353166009789655657701813946
[49,2] -380097153296354703302428788011919009
[48,3] 12920732607480428
[50,0] 6560047364578901857490885021325287830122
[49,1] -73001775237226156887582613484689386275
[48,2] 305275395759366788177258111989911510
[47,3] -21064418126675343
[49,0] -11582457313684717596085796432850361394856
[48,1] 95329525650320509706972567754329604191
[47,2] -240085304807611598020553182472578297
[46,3] -6232646355315179
[48,0] 11916195723829863846697525871155277297415
[47,1] -97519746239452503889683613093293122143
[46,2] 184812489243195341685845418799576139
[45,3] 154584394847609585
[47,0] -9528365311069507939374443787969148054368
[46,1] 87148301564794323633721930998271936671
[45,2] -139181424408856284901313106495301062
[44,3] -513192173703841661
[46,0] 6168099458078623394582916608036405201778
[45,1] -70574467146783103184209881853150056472
[44,2] 102490259295955160682498427711819674
[43,3] 961257696373627748
[45,0] -3049340997932313556250375060589959532420
[44,1] 52528750811711158213008043463657991927
[43,2] -73752194072033806228474395429972673
[42,3] -828653815990784827
[44,0] 786280450585024871211282459663773360322
[43,1] -36052198698585810662777968969160078024
[42,2] 51828409477633434957984112784249920
[41,3] -1141141313945650735
[43,0] 496449509308315717943667776991411114324
[42,1] 22701651904492298360493293051400043716
[41,2] -35541658394293235976300045901619723
[40,3] 5818400518104012380
[42,0] -975592915199621813194969192637922876290
[41,1] -12907813627476980596699567932103154572
[40,2] 23764230237235417295257566432647588
[39,3] -11626232495484444219
[41,0] 944738403537435091688558884204458555768
[40,1] 6376499879530550406722175608872126877
[39,2] -15478336365408625068722160991360098
[38,3] 13099501375633126886
[40,0] -681884974000713488354508390743895262155
[39,1] -2449214572943392852149570614205183604
[38,2] 9810502716752787558354598378650885
[37,3] -3072322286431502286
[39,0] 382854418462867255855260874961960770320
[38,1] 374963331686210341242651766223552960
[37,2] -6043999995330905438411441647943770
[36,3] -20522162793449044792
[38,0] -149396340341304919987996304380471649898
[37,1] 520394296399488089052327313908594161
[36,2] 3614632688241985265296113542066305
[35,3] 47837497369718256750
[37,0] 9707365433142754968192613433999598252
[36,1] -755593855219581791157574480079815811
[35,2] -2095475160677744415471899371176152
[34,3] -58700030405172683319
[36,0] 50355820915468468933573345272476110497
[35,1] 681108137017351928496804500366836285
[34,2] 1175635276410279947993449622413975
[33,3] 36206951735022614946
[35,0] -60006165503547811687649414605492786056
[34,1] -504188818108600454581481039862771375
[33,2] -637140341270504473891021335662268
[32,3] 16357134796418037259
[34,0] 46426744312439426070318017189600142936
[33,1] 328582950216579173955904880794175798
[32,2] 332859567778002937777564910067692
[31,3] -71618296219660323987
[33,0] -27723853462591307875940607202260693600
[32,1] -193476267428194214119374254921832999
[31,2] -167228214820979470180011505668610
[30,3] 95076557805340847427
[32,0] 12672733242666800989334345844604729104
[31,1] 103943911827086694886406613187764518
[30,2] 80570871577184624702302000274957
[29,3] -71156833270802292345
[31,0] -3547109939528115395094905135524153728
[30,1] -51000986068852415483323765719918045
[29,2] -37107474552724753095566846971386
[28,3] 15693114312843448181
[30,0] -645306140018917999710262324369837760
[29,1] 22702981592190548745473856114807008
[28,2] 16273972072093656841063483862460
[27,3] 36653744929152101100
[29,0] 1820736927015271301572948867796091648
[28,1] -9012045894626422530437906816467768
[27,2] -6764900403012100516497192573733
[26,3] -58569869526996626959
[28,0] -1615633692617234859963319720503707904
[27,1] 3066341266898998759150473831381204
[26,2] 2650148186422547899785554983372
[25,3] 47087204486634026834
[27,0] 1031513109173748147387313291199913984
[26,1] -800808655792114256359751248542344
[25,2] -971228253605876745903902378520
[24,3] -19504579960790218468
[26,0] -520256277239728713042994931430128640
[25,1] 85117952701990566700512860388304
[24,2] 329698845862798360931928357030
[23,3] -3828956708031491547
[25,0] 200240843011809785625513812347490304
[24,1] 69855952016895216601192151581854
[23,2] -102209039216489435712734956906
[22,3] 13259506209069556437
[24,0] -43169277621335581481583264499671040
[23,1] -64922192631959055708020156520992
[22,2] 28292899980831025785312003402
[21,3] -11250568720221219195
[23,0] -14728020304800593045849070522826752
[22,1] 35649392183776548463788210267648
[21,2] -6710067289968720252082193298
[20,3] 5249531688315602627
[22,0] 25657234054854720532109802176200704
[21,1] -15249776282852499616446767030144
[20,2] 1235055670028134951253686225
[19,3] -712928136851105470
[21,0] -20249631174597299249608795809710080
[20,1] 5318407064430515619600977511552
[19,2] -113532971505085857288500804
[18,3] -990549459720013997
[20,0] 12369154636393953715540973776994304
[19,1] -1464293616267128336040940476672
[18,2] -31272051200876974263557108
[17,3] 927984714877059515
[19,0] -6480204431616276354484693878964224
[18,1] 263804492963123378395995803776
[17,2] 20797228486646314871642164
[16,3] -418019001571473579
[18,0] 3026035093334927429050110212833280
[17,1] 10386758237452764233554829824
[16,2] -6726693923050974100253325
[15,3] 83652001752167810
[17,0] -1282840656422216442200426702438400
[16,1] -35158973316610204237983053824
[15,2] 1475849329524530823312732
[14,3] 22494189107887442
[16,0] 498574696455160537465224277524480
[15,1] 18959817758785154076058361856
[14,2] -198982377993203554714814
[13,3] -24389386356907867
[15,0] -178587450477010770663554670395392
[14,1] -7045084598013426856406446080
[13,2] -412822192997015143868
[12,3] 9024785468670929
[14,0] 59110084820261189264119663951872
[13,1] 2047093698714393463267835904
[12,2] 8518420958254670529665
[11,3] -1343235188849949
[13,0] -18091163548219845357261683687424
[12,1] -469908532967690078947590144
[11,2] -2491903326412457238872
[10,3] -285485728807063
[12,0] 5115769708310030523825337139200
[11,1] 79654337657273620174077952
[10,2] 386375441487142326952
[9,3] 197152102221967
[11,0] -1333636493298105592665524404224
[10,1] -7033944528474398246174720
[9,2] -21334186755925908576
[8,3] -40425925142496
[10,0] 319350352655698527422854987776
[9,1] -1070086434032514429878272
[8,2] -5214076260856929680
[7,3] 88486162852
[9,0] -69874100212486510022397788160
[8,1] 639557537211388890054656
[7,2] 1544475942112271616
[6,3] 1697549364838
[8,0] 13868536826563179137646723072
[7,1] -159866181741450249633792
[6,2] -194587549036968704
[5,3] -312616791320
[7,0] -2472388567221498720590757888
[6,1] 25992901471611865006080
[5,2] 11179986397427712
[4,3] 2156405672
[6,0] 390567899131561722664452096
[5,1] -2656671908434915885056
[4,2] 542233786826496
[3,3] 5670518400
[5,0] -53650512663579313286676480
[4,1] 86623524500904345600
[3,2] -318089489332224
[2,3] -501903968
[4,0] 6236904880891804778496000
[3,1] 22130656315019624448
[2,2] 79625160910848
[1,3] -13732992
[0,4] 1
[3,0] -589083192132989091840000
[2,1] -4258953310419025920
[1,2] -11750368960512
[0,3] 1753472
[2,0] 42329036441832652800000
[1,1] 351313315076505600
[0,2] 754510237696
[1,0] -2051451615235276800000
[0,1] -12410878427136000
[0,0] 50096498540544000000
