[43,2] -1
[44,0] 1
[43,1] 1486
[42,2] 129
[43,0] -158412
[42,1] 43189587
[41,2] -6966
[42,0] 8366411874
[41,1] 40309175584
[40,2] 199606
[41,0] -147402929016028
[40,1] 6843274388086
[39,2] -3077553
[40,0] 4525156019185455
[39,1] 425903800982820
[38,2] 19227579
[39,0] 101607737872577640
[38,1] 13524087163633933
[37,2] 100379200
[38,0] -1496225553773506884
[37,1] 264036527408611099
[36,2] -1933688328
[37,0] -55145869069308822936
[36,1] 3536061555197583508
[35,2] 568171986
[36,0] -394601196479746362321
[35,1] 34786933600511179770
[34,2] 91987894050
[35,0] 6201673001601938702436
[34,1] 263040269275648561908
[33,2] -41100198381
[34,0] 188934386133916258806498
[33,1] 1577100016441446055374
[32,2] -3116581328865
[33,0] 2582397088088558477133300
[32,1] 7663053984314697113742
[31,2] -3872871328999
[32,0] 24328520634068788628018113
[31,1] 30636778837070588539716
[30,2] 64932912851949
[31,0] 176588004728447284194984960
[30,1] 101793586301552071041827
[29,2] 247488607237446
[30,0] 1039322341323468022877992416
[29,1] 282598526838063403265299
[28,2] -341614715476528
[29,0] 5108008159865582271682794112
[28,1] 655874930559737113298752
[27,2] -4429775865202185
[28,0] 21367081030408070671157171904
[27,1] 1265188720520408964717780
[26,2] -10308863389961883
[27,0] 77088614618928023373630065664
[26,1] 1995641443922174581151749
[25,2] 7472096813772349
[26,0] 242195248125586067556851934784
[25,1] 2474736031366184962945452
[24,2] 98235499680571233
[25,0] 667385683196848282083601520640
[24,1] 2157305880107262876313682
[23,2] 244573238946463086
[24,0] 1621634316451072267439742102528
[23,1] 692448800838719740861996
[22,2] 221046862846858228
[21,3] 86
[23,0] 3488427795921547147330130771968
[22,1] -1614915863290346022638756
[21,2] -306486415750870820
[20,3] 21371
[22,0] 6662979243924476949757145432064
[21,1] -3705889621341848149479480
[20,2] -1256019077212670516
[19,3] 1223436
[21,0] 11322237981781282688933241962496
[20,1] -4340495710513871064498530
[19,2] -1755061979663930738
[18,3] 27071811
[20,0] 17137043019879968912944222023680
[19,1] -3036764627809880948617920
[18,2] -840743197164240768
[17,3] 301185201
[19,0] 23114009670909209654689301004288
[18,1] -585831934298640444530336
[17,2] 1166969672090305124
[16,3] 1947200304
[18,0] 27774253395800521591726939570176
[17,1] 1387413577129557621434432
[16,2] 2542509567348460559
[15,3] 7860197771
[17,0] 29704799582481740943555165683712
[16,1] 1525023654132672266760512
[15,2] 1979437628117602180
[14,3] 20153443648
[16,0] 28229574981920051988287120474112
[15,1] -353095802317976705518592
[14,2] 148749288159902962
[13,3] 30857191816
[15,0] 23780188878708489407263905153024
[14,1] -3179700870259677043452800
[13,2] -1166827294038192468
[12,3] 18738706410
[14,0] 17698000304990364846259455131648
[13,1] -5398451466017228858126336
[12,2] -1128357884100701057
[11,3] -24826505585
[13,0] 11586791733296690111435237228544
[12,1] -5970293424691104954974208
[11,2] -376130353219391376
[10,3] -64433602840
[12,0] 6636649292765230042159433908224
[11,1] -4920517676408179695964160
[10,2] 168858591070118722
[9,3] -51402844570
[11,0] 3302649137354503977622487171072
[10,1] -3097712208571235463753728
[9,2] 274444016757483268
[8,3] 3945210913
[10,0] 1415386518823219320441771393024
[9,1] -1448149322331967010177024
[8,2] 202036928127328737
[7,3] 39248563771
[9,0] 516518771279398196945784668160
[8,1] -445421456696726964731904
[7,2] 155376307138590848
[6,3] 27578235889
[8,0] 158167353857577675174449250304
[7,1] -39247838777656209309696
[6,2] 139948341067315776
[5,3] 2051676028
[7,0] 39851732710976907283645071360
[6,1] 44701785609845254127616
[5,2] 111290280240480256
[4,3] -6799266210
[6,0] 8040067179401246841136742400
[5,1] 29474636478816033177600
[4,2] 67353266924924928
[3,3] -3360789184
[5,0] 1248052733200415644975104000
[4,1] 9904602552563253903360
[3,2] 29605054913183744
[2,3] -313447296
[4,0] 139876531451485036216320000
[3,1] 2044368725826391244800
[2,2] 8995477054554112
[1,3] 138260480
[0,4] 1
[3,0] 10070653938000356966400000
[2,1] 246578730355392512000
[1,2] 1700035297280000
[0,3] 24576000
[2,0] 349675483958345728000000
[1,1] 13400297963520000000
[0,2] 150994944000000
