[107,3] -1
[107,2] 2231
[106,3] 321
[108,0] 1
[107,1] -1068470
[106,2] 2635565043
[105,3] -48792
[107,0] 36708372
[106,1] 8876797640591
[105,2] 13791758597976
[104,3] 4673118
[106,0] 449174570146794
[105,1] -759748031384733449
[104,2] 9325400501513774
[103,3] -316607971
[105,0] 1832181992985470166228
[104,1] 1333619226455508618368
[103,2] 1651336860408913855
[102,3] 16149568743
[104,0] 955017511610981116603359
[103,1] -299254923128987040234709
[102,2] 88542952814005014333
[101,3] -644515940648
[103,0] 135461556282548264975197632
[102,1] 16158005217029686738211837
[101,2] 774733773597434592568
[100,3] 20648559554700
[102,0] -575288417960252676098029896
[101,1] -410780277526806472437983816
[100,2] -24635176576816740811070
[99,3] -540656555869161
[101,0] -613312348857027722304471776448
[100,1] 6180128023101268566450658961
[99,2] -31130496014335390299063
[98,3] 11719500031270475
[100,0] 36038739602177720443014364730919
[99,1] -60506728179363370293798697105
[98,2] 3274187606064739593836932
[97,3] -212257270665284296
[99,0] -1120690424630111572347699490143044
[98,1] 392639226429494065084472888899
[97,2] -23972172527014759949945267
[96,3] 3232873227921797508
[98,0] 23730464563675661073207595945590630
[97,1] -1629283886730619593585216496743
[96,2] -1118709586585243736702297
[95,3] -41579855852573870546
[97,0] -378367227574635627943611390873071100
[96,1] 5594114910260849174472501786491
[95,2] 1032189371340727321268502755
[94,3] 452461832614461587606
[96,0] 4805194411578743221962335187327603043
[95,1] -64228677542302103359597144592448
[94,2] -7115014688298618589468692668
[93,3] -4163520164854936418127
[95,0] -50428649629904369963781026318223732216
[94,1] 984107894320066368523355705367163
[93,2] 19658222529193056419543936875
[92,3] 32277117804425621133045
[94,0] 449018782673905924580371308721889153112
[93,1] -9643718511665569370251377692146626
[92,2] 25669876914731525070144218976
[91,3] -208955088077928188313809
[93,0] -3460607598707525085360404474492619611064
[92,1] 59171765508890373753496698201346510
[91,2] -464057776068297161013149248464
[90,3] 1108995745739828048636405
[92,0] 23451246897760642636576857504941878895190
[91,1] -169155447607855140421996471822255293
[90,2] 2156363852134741343351428136842
[89,3] -4631558327401617195348203
[91,0] -141517630007373839593008648893672960587320
[90,1] -912405466088656495141916555053971426
[89,2] -7027182571526988893392422685199
[88,3] 13569323395323036536217821
[90,0] 768441989177821956770197207331299129181664
[89,1] 16902412585348777506028040935112711428
[88,2] 31438418668251523256749784718441
[87,3] -14069155041210618727588146
[89,0] -3787400750423543667921497908755508070844456
[88,1] -142717493112554377856435755701972895502
[87,2] -248348292164560210489286930150007
[86,3] -122521097694229500118778122
[88,0] 17068118147243887620240501824136332633122566
[87,1] 887686922198084796606767630238400667472
[86,2] 2019697671200295008032362185598248
[85,3] 945958640275037443070395829
[87,0] -70771475023977940017458744358612892095977864
[86,1] -4512479914215546164095163951581018230333
[85,2] -14155293410218989317544977419226866
[84,3] -3816422223323457632421368743
[86,0] 271451030023862491673804857388193502942277040
[85,1] 19545114079508866689491209016788791642552
[84,2] 86958168541130719468468176957796972
[83,3] 9434054139421487462718538195
[85,0] -967618522054505488041899308797857116081925328
[84,1] -73573352861914565103425251125686097938933
[83,2] -481923129720191820224462468516774358
[82,3] -7271120052476393652431464597
[84,0] 3218505015304227853543776577408255558181621217
[83,1] 242552679667465852041822029377169101787929
[82,2] 2449448958789699288613542145547930945
[81,3] -56845784844364304519486935317
[83,0] -10024897348258923360761086283104236430003046460
[82,1] -698052491597408617239987613159316669947545
[81,2] -11505983426261598671037175447326069146
[80,3] 327243173975563265253304769575
[82,0] 29331415722805394318517795710086956439219149666
[81,1] 1718743140593556888664461634180905273238611
[80,2] 50142048295057163001213765188663454103
[79,3] -977581060035180705329400102901
[81,0] -80835926185465703389061632615509313489737093524
[80,1] -3400599998900851762842446919471373333080799
[79,2] -203256706397807775949498438758274137644
[78,3] 1660878541637188662773088340455
[80,0] 210351354650553511635135098826149186103736380729
[79,1] 4180001254154403870700280909181735939976566
[78,2] 768275592796179186124506667126488914796
[77,3] 99143925273650528121476916233
[79,0] -517945353499560187613675882989976442786361145160
[78,1] 4237238040670996061912465941961852577352405
[77,2] -2714595691250206490719364255199351403500
[76,3] -11312025510153156878264666539145
[78,0] 1209035475497312678246484121644270690259860210120
[77,1] -51174602261131004398277583066769695459356374
[76,2] 8988843557329507851454939668432558373064
[75,3] 42907450353759040134952173877628
[77,0] -2679974315776333411461360408017834482584886583640
[76,1] 222122484769616626934091676490335832498503030
[75,2] -27963008460986999137151309467513980784144
[74,3] -95524044578069427946068623014602
[76,0] 5649219823276005609042569258181004314260591590689
[75,1] -735933195905751892987821711436485259445962151
[74,2] 81916212930998184471347011714570969724743
[73,3] 116899562378469026888776515958106
[75,0] -11338579174435407818903486149949719863491078794716
[74,1] 2098309488410901348666383312454335875768649041
[73,2] -226479322344081693568980406630364196419010
[72,3] 68150609859514013310547314644462
[71,4] 107
[74,0] 21692433503483858194972907991800876901066320723070
[73,1] -5379443876024593281546490120899825875931743023
[72,2] 592195970772653354911133001439413458380766
[71,3] -793987179885138388508933807796118
[70,4] 311156
[73,0] -39593947431841957375748324303894126829001414614732
[72,1] 12670854058342443006351308277877228519251410214
[71,2] -1467320911643677237498641448721681501329439
[70,3] 2388963203384427389596528094285167
[69,4] 128921732
[72,0] 68998152052804665636762382364123038892466591809627
[71,1] -27765183992702327024872087550135479572168571191
[70,2] 3451385156254684824641273360270548179185503
[69,3] -4563031798187444776404723968985254
[68,4] 15666761417
[71,0] -114862218783924301794638419505561166892105509210216
[70,1] 57057687073090442591264198048708134990331214896
[69,2] -7719701617290706813311858103949052848337649
[68,3] 5240506741167439185474169115248841
[67,4] 679925278057
[70,0] 182732041608244586427888583458148276368537006219672
[69,1] -110576397110402577806423892443087612979004303896
[68,2] 16444614240900781336516921874293078951554215
[67,3] 684127686824066318429445892235272
[66,4] 9621800103792
[69,0] -277866474027504358461879130267916895351234627793616
[68,1] 202909130220587467243805202746620100720655504844
[67,2] -33411072195489747314661490934496888275111162
[66,3] -21133080562899056239943928676724801
[65,4] -12228358379297
[68,0] 403868659327037230289050049110685149683162541429284
[67,1] -353633038426007219737868449978236086533271629654
[66,2] 64830752257123905599630245770132229799083735
[65,3] 62661486905409783375852855430129276
[64,4] -775212243969542
[67,0] -560953649153128829174958421132686970026838572963888
[66,1] 586721698869879763674037014220959579058598573720
[65,2] -120290568161878139241852238980379949605575804
[64,3] -120170642789925016502842131766847833
[63,4] 663104806528463
[66,0] 744187734950234738151152279819016591991809210729024
[65,1] -928387991142719662138845659023316953705713735484
[64,2] 213666270307200961519699571473956325070618241
[63,3] 161643079354345370326622620783759117
[62,4] 27181944365184996
[65,0] -942225041947385099754974132129629578319370670394512
[64,1] 1403004595125690993981375509963552914787185917366
[63,2] -363704517670943112953644585988728370323213358
[62,3] -115531740104614771695014167020335077
[61,4] -59029487919295011
[64,0] 1137151167587400209476486017368134284020246055002676
[63,1] -2027177194036596988650660261959485545205226982360
[62,2] 593863869046808310165467700913586386223307050
[61,3] -124266548686957009278560032763998216
[60,4] -447687366562015666
[63,0] -1305935274464934329387476500307033082695456603299056
[62,1] 2802693995036185865480379381127651815026019368882
[61,2] -930963277422145134355447652520321028705677850
[60,3] 658665975029338839469520212815098736
[59,4] 1715249923159978513
[62,0] 1423651272428497930560972308333626121127662175948336
[61,1] -3709790770281920916743082845823220162943127863876
[60,2] 1402278863784589654965346897184763962286269289
[59,3] -1501435678752638248801963380664610619
[58,4] 3008619015899698348
[61,0] -1468102283435378097282397950404094838893094122125184
[60,1] 4702703331503235155768983138459507895246791839466
[59,2] -2030999487488776354943590161249899296826157705
[58,3] 2472211036535482411817096968249262453
[57,4] -25999758841304134650
[60,0] 1424915831200519865578076180903069379396522092172011
[59,1] -5709545944335506803650501433001927844082799048272
[58,2] 2830391977337926348714199324581777535735022663
[57,3] -3114175797085468818553613426132761487
[56,4] 33721082544068744581
[59,0] -1291781351692353588371810378823194919068684094437604
[58,1] 6637952222308717638814799102231469773308924833637
[57,2] -3797557849437748351850566374503747797437407780
[56,3] 2708298032076484520470940971175753793
[55,4] 50810456962665907781
[58,0] 1080477514186711120595086431670351671111898488601326
[57,1] -7386642436972075043422223546026578602201124868259
[56,2] 4908133218311787580327356906111289131362811314
[55,3] -445148157429615470888840270298681718
[54,4] 189530689330553752803
[57,0] -815780985495693774195948002554672452183180788475540
[56,1] 7861403038937288698922439625765373157847393137684
[55,2] -6113504127128596945291607873001419372485970445
[54,3] -4241219709906049040302388044105275823
[53,4] -3153743283365872933767
[56,0] 531184361077887739705993421185847247848514652224513
[55,1] -7992376814144461082850629182833702274449234883853
[54,2] 7341920805640485987783907517592987238913146329
[53,3] 11263098300056577301108039796237659614
[52,4] 15944657336280326723782
[55,0] -262327835870146446675924320039140234824840651101904
[54,1] 7748642650131489262507077251338660361862433721535
[53,2] -8504239154814108052164478073194668315360132362
[52,3] -19562277849169131111184926884760765735
[51,4] -59814571124668215049059
[54,0] 39820283258044549581796150552134338236080146180232
[53,1] -7146249308212611533403875864770389347270724812584
[52,2] 9503992998690278631989956788549924340285074665
[51,3] 27080328603586078758511102399071306304
[50,4] 209247007017020418066502
[53,0] 116614396027479769980575685953951741968321532674704
[52,1] 6247252103597953722177587129836894645574525596315
[51,2] -10250356763506582769972274206879057285071990083
[50,3] -31138041277307012261100201195786952669
[49,4] -710961494969169345730451
[52,0] -201108793010271354022620398239432010115766475452647
[51,1] -5149549633551922914758260574314558054056280437439
[50,2] 10671634494796129312840238084763391950892165092
[49,3] 29187464828488616318593891445577675451
[48,4] 2266642031971997433937379
[51,0] 221085626401750431050199923616067121036270683767364
[50,1] 3969749892360381203331296077139183136936145349973
[49,2] -10726523148529074321596539067227346372427299677
[48,3] -19716720596131969385324099277304568056
[47,4] -6620202442420151064667738
[50,0] -193595908181997869497976782846771944743152136624478
[49,1] -2823124973020530600870626798548190264216186750665
[48,2] 10410718755192761944837686976688762871437117705
[47,3] 2970558349037072300921976684525430935
[46,4] 17688963715130418635769165
[49,0] 139898254972870879634632593624238234989708779669292
[48,1] 1805345362014023651988788316957429600311122202851
[47,2] -9757417219658228915039401700792601168397336775
[46,3] 18829338002860640954560716052809465190
[45,4] -43565881321687796307600834
[48,0] -79996721168288399256429765817654668668411697894543
[47,1] -979942365210436919715960478489183722947877660250
[46,2] 8831644402798197622666905510498072267286864720
[45,3] -41911267459041421464115730680411116594
[44,4] 99642421162246142275012292
[47,0] 28628583944099612753529458269553851954457861229912
[46,1] 373633908926552357545621787196627677224237654071
[45,2] -7719737887811519514941451326408270273879889671
[44,3] 61923496511488224509497152894350563624
[43,4] -212675438953736796524900203
[46,0] 6491440272057016538092774774438632792695761379448
[45,1] 20584939519008703717914766970889527752050377734
[44,2] 6516303651282228537806325672599382103316633229
[43,3] -75122396046258855798028752571078722899
[42,4] 424793889622586143387513071
[45,0] -24201355884793723151136371715474559101603625951544
[44,1] -234605619742405626602953210187245688185337997508
[43,2] -5311328003887965850709359612251001641672035964
[42,3] 79365605514494176238408568277575251773
[41,4] -795441065168185102374446540
[44,0] 27894567444532829651382322399612704787408124434326
[43,1] 313705390065835379997011587841874340429574837459
[42,2] 4179794613834977759474956504877306045456954468
[41,3] -74580474889967089597381940349491666184
[40,4] 1398571602544456182341916743
[43,0] -22985857147345143436720304911761195664966419524376
[42,1] -305486542034096337595534436040916153605322151162
[41,2] -3175303400290220054860379609255069271883284777
[40,3] 62590154002892603206287250033133526423
[39,4] -2312635726039898513879827556
[42,0] 14725755869773158527754795502017532415137793148384
[41,1] 251532280091673774767268714638984988463668328768
[40,2] 2328110666421639366763112877525672326369110062
[39,3] -46420840141511470813040830270608560226
[38,4] 3602394665885709265278462860
[41,0] -6877167630657268117180495144176012530975783300808
[40,1] -182807450691283389887203890272692999993872569384
[39,2] -1647026195571169724952466905677330923085861723
[38,3] 29379935625281224719293242103784158497
[37,4] -5294455175382842333192234500
[40,0] 1333520896912892284292337434489398493926341822630
[39,1] 118633136078587637382932468129314210089504341816
[38,2] 1123948626065007260770997806240619320053729708
[37,3] -14227864317875907020311381731688611706
[36,4] 7352001958232733614385472402
[35,5] -1712
[39,0] 1566625680944021414948423501319801314980812891384
[38,1] -68253916462911176963928863774915610066017294885
[37,2] -739590874848828945163217149450575770819431164
[36,3] 2674262792534321452829805842564713004
[35,4] -9657221549065464790873401129
[34,5] 351816
[38,0] -2405376576880141903032126670384182358034817316512
[37,1] 33719875172797450465899768805440407551977116172
[36,2] 469098949855346500090706199419751407138596746
[35,3] 4727711930076155950053393963113148156
[34,4] 12010562966974236958402682245
[33,5] 3852321
[37,0] 2064234709840694781389931395044974711972551130960
[36,1] -12947889500643832380084782769389752548117102837
[35,2] -286662947698569743351916500184744178997189648
[34,3] -8362106292908645438893734193965272750
[33,4] -14152836823304568082243890853
[32,5] 18038060
[36,0] -1306486904670870012846125830269427916944864683725
[35,1] 2219418625578840879890846121689301283945687261
[34,2] 168692469022410161357866867184841274823258093
[33,3] 9162347652117256595708449850129336922
[32,4] 15809263005171944797133341002
[31,5] -172492453
[35,0] 603166557611836770230878916431306237285391513100
[34,1] 2188500127889552795113325591852758288242499605
[33,2] -95542120851797738486283877367175070498685598
[32,3] -8216970544783127220515824558261861710
[31,4] -16746100349303274848406222922
[30,5] -1396483429
[34,0] -141896268183636453070641598836474593435646139002
[33,1] -3200588933286926187750517586222698583169579479
[32,2] 52047612301455323131949426924386767934657492
[31,3] 6479989944051089613001885446139648204
[30,4] 16824093696195583481849511818
[29,5] 10616099053
[33,0] -76181454877016885374629049073080022304859709996
[32,1] 2745385221710957236949543234841238891560474563
[31,2] -27253180918569515773687369875376915872966794
[30,3] -4626125741313684676581610194420177460
[29,4] -16032037056854785654227076064
[28,5] 3190552964
[32,0] 130184313534904613932700129797896308643691079943
[31,1] -1896310966313845814751222633825971896266551252
[30,2] 13706225753796006462488414643891019158352794
[29,3] 3032586780701278653988045559318190131
[28,4] 14489402941712774660310483288
[27,5] -231895496517
[31,0] -105756284596638985948913495809755348357509937960
[30,1] 1134997468558260923911175585567603296974508815
[29,2] -6615226871276400611192518446458319909784738
[28,3] -1839116516724236793484938844632431304
[27,4] -12417211095100485512532851652
[26,5] 898301911041
[30,0] 61772164008779807228089545960903502658420381304
[29,1] -603182995227631253981787849342125763391999594
[28,2] 3061296495928111484066760099140431678288948
[27,3] 1035749619209592433032326536709285915
[26,4] 10086831060750643679402580473
[25,5] -1045026146286
[29,0] -26299041518499338126419570295968691223259631352
[28,1] 285889807380195526076595463674694307972261014
[27,2] -1356970914884591129589607518043687770968278
[26,3] -542455147531616286560187569981421388
[25,4] -7762865151035405049659981986
[24,5] -3181481445257
[28,0] 6087323681230384951953137468023278795334085055
[27,1] -119499231806345594738087910324744562972218681
[26,2] 575533986184323275934852266705995521148553
[25,3] 264084609288206794960337838060619116
[24,4] 5656333017618898206024013849
[23,5] 16713490722411
[27,0] 2090923642804036730383199396532648132193337436
[26,1] 42463645886458852441648563286009005114890695
[25,2] -233288900340235663386053450628860356759022
[24,3] -119240580400581091598343190228438439
[23,4] -3898764362848917320133211100
[22,5] -37436644643916
[26,0] -3662894211532363720769164599932677869509134278
[25,1] -11447213462684758117130725522966112488615329
[24,2] 90256724404973626499408174920365079536927
[23,3] 49718465908547584479982440471842059
[22,4] 2539512778588014234773551891
[21,5] 49094249843444
[25,0] 2744089147280129710314284572909938048036211356
[24,1] 1120158813808668427308842822973483365468540
[23,2] -33282372081128024876447005709479903878949
[22,3] -19002399740924704081257788612785358
[21,4] -1561241359648822697538365003
[20,5] -28123041739744
[24,0] -1480691410579778725766469830382765769098483503
[23,1] 1255983759925301721947160586299510800392161
[22,2] 11679530239905623168676632658068818625431
[21,3] 6573705290382669298345842202955685
[20,4] 904598366886341473044967653
[19,5] -35902565985127
[23,0] 606417538671485348384440760744263280425956360
[22,1] -1202227890934023100457712210159728546212242
[21,2] -3893781581268195276721648206394121197323
[20,3] -2010982662200419438643086338387623
[19,4] -493143653464841517972054455
[18,5] 125100238093653
[22,0] -166892997790042123939139839009827293215347240
[21,1] 719332179659277186162369065708940425392388
[20,2] 1230924020282771042967522151701823784992
[19,3] 517236706607014764869186198255522
[18,4] 252448816817934689816601641
[17,5] -200707192125221
[21,0] 3067580943092718835641601176373084090246464
[20,1] -350426066011624797540204189154778922836494
[19,2] -368202031211783527206360854089153324090
[18,3] -96111473800215656242136166712010
[17,4] -121081019853463932951952347
[16,5] 228627346789200
[20,0] 33247535175702163852655900705583631199952336
[19,1] 148852328607542984174322891739558696590720
[18,2] 103967979269939681469576438940063813331
[17,3] 2564123645103834365492204177676
[16,4] 54269321153191283224954827
[15,5] -201259904669607
[19,0] -27485466519411575314384649871759019932254976
[18,1] -56653952131980580773894372384459840225756
[17,2] -27636682195628864579783679950644822344
[16,3] 8405147022471213727074585397080
[15,4] -22662623950751968548615167
[14,5] 138606783422746
[18,0] 15419888199282631830889214791095578344503936
[17,1] 19566386211232518430902616785982969249704
[16,2] 6893970420724142241564301416929803008
[15,3] -5109700026245348730923499486105
[14,4] 8787091298731726440060489
[13,5] -71271558182242
[17,0] -7036193111463473570746704728304349895815680
[16,1] -6168416168283763885418880792376015573368
[15,2] -1607786408033436141389298985293401108
[14,3] 2094334671831272908757796755074
[13,4] -3150814358066276312026437
[12,5] 21593262248466
[16,0] 2758948706243536379293920146715164325972480
[15,1] 1778996319694533703577972819748303225216
[14,2] 348994560466314693196012338006744348
[13,3] -699647388409167319769293723435
[12,4] 1039966822904353599691951
[11,5] 4097677197739
[15,0] -951317313167299247512367033554360174577664
[14,1] -469254199786779660919707157938188334144
[13,2] -70124527485442477827166450687990080
[12,3] 200874094050739197926243616608
[11,4] -314238187525556951672128
[10,5] -11448917952507
[14,0] 291576947573917420137945106633586651609088
[13,1] 112968328468486000828382745369503709312
[12,2] 12955105665687248878354686041320486
[11,3] -50539015033673013296703820551
[10,4] 86362422270051151960174
[9,5] 9686345413764
[13,0] -79808523631653459950151369140429955366912
[12,1] -24728460639302245593214913250417236352
[11,2] -2181785309359706286594186326026920
[10,3] 11212666796070303019800554542
[9,4] -21420964982041826347184
[8,5] -5711657334523
[12,0] 19527992875731870078633714158780701888512
[11,1] 4895669339301377030323308170950656000
[10,2] 331261242930489665559812276094984
[9,3] -2191857912047214037085151180
[8,4] 4749951745126175448016
[7,5] 2636449560105
[11,0] -4264884378523358386043014217590607904768
[10,1] -870434354032200112310735364888887808
[9,2] -44678304180520232065855555110912
[8,3] 375282798373057003692660738
[7,4] -930621772363707879276
[6,5] -984961806817
[10,0] 828324629165117232689260601686081241088
[9,1] 137730116031117443439365520160100352
[8,2] 5243552372287855142895420439056
[7,3] -55674840054086537614631640
[6,4] 158710242322598546378
[5,5] 299615332779
[9,0] -142247574690537923580349414423333306368
[8,1] -19171512586940183501476135278200832
[7,2] -519142075532427436046786110464
[6,3] 7039217866728220498682820
[5,4] -23103125819296254900
[4,5] -73494812228
[8,0] 21427230819198141185056700439726784512
[7,1] 2312731424731433340867252058718208
[6,2] 41123107598056197017311823616
[5,3] -740109349639418027408280
[4,4] 2794493105225735481
[3,5] 14172548361
[7,0] -2800909783968290501334074315459002368
[6,1] -237068704108247326202057484754944
[5,2] -2321756385247312137947731968
[4,3] 62353588497678919507608
[3,4] -270097039555852536
[2,5] -2040836787
[6,0] 313192647167944812629696591046377472
[5,1] 20100789394553199632863186354176
[4,2] 58095198702977199576959232
[3,3] -3966286043781352264896
[2,4] 19601944493094198
[1,5] 197295588
[0,6] 1
[5,0] -29380195717211162900178500006707200
[4,1] -1356237999499221651392338526208
[3,2] 4062150704101721906847744
[2,3] 171192662862090695136
[1,4] -952499206783908
[0,5] -9663138
[4,0] 2250148060266522743535490223308800
[3,1] 68575781933943553080073912320
[2,2] -530046814346693505349632
[1,3] -3942799158154216320
[0,4] 23340763408545
[3,0] -135171007783400591524846632960000
[2,1] -2339279410517185680052715520
[1,2] 25393750509534217740288
[0,3] 16021909459931904
[2,0] 5974307328388151536480419840000
[1,1] 42786109237892091936768000
[0,2] -475723353645109518336
[1,0] -172752337243625869541376000000
[0,1] -163170490020917280768000
[0,0] 2451410461720901320704000000
