[89,2] -1
[90,0] 1
[89,1] 1487
[88,2] 178
[89,0] -159204
[88,1] 42919716
[87,2] -15219
[88,0] 8455714314
[87,1] 35528675845
[86,2] 832684
[87,0] -150201905982508
[86,1] 3397649719505
[85,2] -32771135
[86,0] 19952802698186583
[85,1] -13390999088969
[84,2] 988730726
[85,0] -1081069631764070880
[84,1] -2004283617080773
[83,2] -23800696217
[84,0] 31474063674832701232
[83,1] 36350959468208022
[82,2] 469755562532
[83,0] -564475495278622397088
[82,1] -135449870229518962
[81,2] -7753159938468
[82,0] 7033942630862711038839
[81,1] -3394626984815661226
[80,2] 108600986190388
[81,0] -66477882289749375442660
[80,1] 61782825878424876473
[79,2] -1305863903767580
[80,0] 506989968632501842538358
[79,1] -529184791390124130404
[78,2] 13601255265326048
[79,0] -3255660944520842942398404
[78,1] 2628636158026874307952
[77,2] -123593492679384650
[78,0] 18093928590551119708208315
[77,1] -5015804993412762511621
[76,2] 985492281294990688
[77,0] -88495736572220303687340072
[76,1] -36796542718528433253433
[75,2] -6927303940160272210
[76,0] 384641997102104003882635008
[75,1] 425444480132701263585961
[74,2] 43085438295649429948
[75,0] -1493753804869864699706304224
[74,1] -2454991195632406667077355
[73,2] -237793243235965872922
[74,0] 5192029941886254588339348342
[73,1] 10030193991521954257850488
[72,2] 1167080357532215252828
[73,0] -16111560504497525838582369144
[72,1] -31353121605780452039402692
[71,2] -5101134210393883420890
[72,0] 44269390365566507586178606400
[71,1] 76397388171650110161606373
[70,2] 19871954673591073160532
[71,0] -105856696017099415960170276192
[70,1] -143157693849613305987886235
[69,2] -69003577600210505607588
[70,0] 212481002387016179803339632054
[69,1] 196104510451424119683989201
[68,2] 213451545617958849654572
[69,0] -326898783774125920092040018976
[68,1] -177772193152069839382457239
[67,2] -587388860822711269527592
[68,0] 258864574543482322920501096672
[67,1] 136789436341103455948222258
[66,2] 1434752727199563698019056
[67,0] 477215541380777469989590364352
[66,1] -508737919690770146107389678
[65,2] -3100693113427787814675405
[66,0] -2644652546341476207500152777951
[65,1] 2350765616408842452348362260
[64,2] 5903600261877721990199126
[65,0] 6608467388323822950222254303508
[64,1] -7009404874222899457094068125
[63,2] -9850174503826306648232883
[64,0] -10465731054651381493521266806926
[63,1] 14699655324152468933681902564
[62,2] 14316229894651191770421424
[63,0] 7629668197696034009064082995572
[62,1] -22146400701041104401642143070
[61,2] -18026078967449279778195339
[62,0] 12503034647992530146636269422465
[61,1] 20541687101621782222495537437
[60,2] 19634512536020061114790782
[61,0] -54855771273546236113064393441064
[60,1] 4015267422572040607724056291
[59,2] -18684154137763700213550821
[60,0] 99258159739330782651913135226848
[59,1] -64789998112018325357829324753
[58,2] 16004451812887081841863296
[59,0] -88057347480032122792232039294112
[58,1] 160532115789332291682128822695
[57,2] -12772911622147257859885476
[58,0] -45886862737758629741003296125471
[57,1] -254663511901743601761035328635
[56,2] 9005273043964865856660840
[57,0] 295625280805492728161342606752124
[56,1] 262431727858821470499389977242
[55,2] -3616022351636406736556276
[56,0] -497073494879835748565940859110402
[55,1] -78366091654081499771369482108
[54,2] -3226657293128195025879024
[55,0] 371445830675461302040947158843676
[54,1] -331712792620063341075158764758
[53,2] 8392185787032705673942724
[54,0] 235036460800267398760385517463283
[53,1] 813693765951643362114602815960
[52,2] -8334188591361371513211560
[53,0] -1059395161556039987101713340339776
[52,1] -1011162133092639880559412673302
[51,2] 3982992321187838694445236
[52,0] 1419344093035492912646254346345520
[51,1] 577590347023568824880422929266
[50,2] -896213600508442183330784
[51,0] -707506604991442352134344522269728
[50,1] 454841508765132060580258205650
[49,2] 2443375680558849516041180
[50,0] -916191012233713345886393599124844
[49,1] -1483968210494134726163882190400
[48,2] -4732408316291439179269224
[49,0] 2343435222091697843745853281769296
[48,1] 1663870973140715521774387481120
[47,2] 1931862701790398185802388
[48,0] -2276517678923246831269770044595392
[47,1] -643690392989135909601763990790
[46,2] 4345081954559605562631792
[47,0] 433191882719766972865060249119168
[46,1] -940196550964173389482069437862
[45,2] -6178644932669364583089602
[44,3] 89
[46,0] 1956473334095465802756154775931156
[45,1] 1851812572440065396558694659770
[44,2] 916579092601507841700157
[43,3] 21716
[45,0] -3034640897188663652055442867027552
[44,1] -1335749026394308327872376257910
[43,2] 4177613091588069536030096
[42,3] 857515
[44,0] 1916474723280204181478106459600912
[43,1] -135233704728513688440132665604
[42,2] -2325263185191105509574713
[41,3] 128338
[43,0] 489963048713262433372474755232992
[42,1] 1276955788334464760568309710788
[41,2] -2870133581719910143281727
[40,3] -118631749
[42,0] -2274549230744852709256502923367893
[41,1] -1211089877387616205173584580657
[40,2] 3385699959660901681096903
[39,3] 612705014
[41,0] 2189640683789327612314012684147332
[40,1] 230400224620024084240600238402
[39,2] 1049609557848910336950761
[38,3] 1857785199
[40,0] -615829025034605913193974288163218
[39,1] 641691198473773083809465983229
[38,2] -3494136666201419184708118
[37,3] -27444737315
[39,0] -985660043995290976074731972799236
[38,1] -722965277172656337529603461299
[37,2] 910338591156804493555879
[36,3] 103609442026
[38,0] 1451840831372585820406020209725833
[37,1] 206184504352384786212849150921
[36,2] 2162479060047161767268472
[35,3] -147446338982
[37,0] -777437323719021111894674494121520
[36,1] 263869514663036205675864317633
[35,2] -1559476654950117002224871
[34,3] -124646377099
[36,0] -184099521859544541702196080750928
[35,1] -317145912167054225760171968292
[34,2] -832810910322871001031802
[33,3] 741126786318
[35,0] 643635602277734498363132471958432
[34,1] 91012289943503745720676954084
[33,2] 1322770972304497326856438
[32,3] -869095272380
[34,0] -469336293776330336989561926481047
[33,1] 95202527062079039839743206784
[32,2] 47359619015315840998079
[31,3] -15177133421
[33,0] 51679364526191220565869935980756
[32,1] -105386907619950668487576575563
[31,2] -821113463921348337781184
[30,3] 469244055057
[32,0] 201881579014777777194140523743538
[31,1] 23764272492135695948158168892
[30,2] 260797031138325466872401
[29,3] -270547396354
[31,0] -187768755578247845759255447940684
[30,1] 29745525676475305184398624692
[29,2] 362792244167550467312126
[28,3] 3900843514490
[30,0] 50327245928972292392739164773241
[29,1] -26050944108464240095097417493
[28,2] -256521269597727150039121
[27,3] -12524345554284
[29,0] 46329157212224272726563250683192
[28,1] 3007030235345168211883028643
[27,2] -95711581997257361488788
[26,3] 17241465767830
[28,0] -54507619632612870312006333709488
[27,1] 7423753363946177767962683301
[26,2] 147569177892317153361564
[25,3] -13263658707502
[27,0] 18968402470955465499490140944384
[26,1] -4512746471661915065488142055
[25,2] -1262011667981192997386
[24,3] 7784169659516
[26,0] 8126249940117921709841029304790
[25,1] -185569507518875835616787816
[24,2] -60028103732197967616160
[23,3] -1133101839972
[25,0] -11930810507308041291174134313048
[24,1] 1335825999030681532140475396
[23,2] 16301947899132175709838
[22,3] -12933583219708
[24,0] 4479589825476505679057475957760
[23,1] -488809858958789996467658207
[22,2] 17534947271826866991400
[21,3] 23367099085146
[23,0] 1196187061488823948392673335456
[22,1] -133616640870343178425803839
[21,2] -9684894553408813559354
[20,3] -15832646131417
[22,0] -1989113202180595155908722844394
[21,1] 155936307750879310329059493
[20,2] -3271728879063741997113
[19,3] 581950366418
[21,0] 705216843902972825150211486080
[20,1] -27055835930893483370008659
[19,2] 3501323893057706516480
[18,3] 7084141074881
[20,0] 166644542681858377343404294224
[19,1] -19610852159232489006695582
[18,2] 158095923658496813225
[17,3] -8408069463934
[19,0] -246742178931148434414757475232
[18,1] 11240369643347158024047018
[17,2] -879120252009911925083
[16,3] 6626471305797
[18,0] 70908973909300359356221840051
[17,1] -991486925048822198959122
[16,2] 119298198522813910929
[15,3] -1394299735240
[17,0] 21127320662171377008435610572
[16,1] -1300864614086589261844425
[15,2] 155868775782480861149
[14,3] -2777900592067
[16,0] -21108021866172405846948919338
[15,1] 776579719831027510371434
[14,2] -44161647144113584418
[13,3] 2503154261509
[15,0] 3862445311028615119092803772
[14,1] -148806439883025721701184
[13,2] -18976601141904465909
[12,3] -627842740446
[14,0] 1904326093763953041029980095
[13,1] -102769271428800136902765
[12,2] 8446310224513944176
[11,3] -234052021822
[13,0] -1057163574059521474133431368
[12,1] 77412005906760889157313
[11,2] 1444729734671797917
[10,3] 309687334775
[12,0] 56930881704446590827576768
[11,1] -5365010106817488755361
[10,2] -1023668594434361334
[9,3] -164540527864
[11,0] 88287049689994394551115424
[10,1] -12334374551953857885849
[9,2] -47761057512324366
[8,3] 15719336284
[10,0] -21111636162705562349406369
[9,1] 3733097472573416895861
[8,2] 77784523583046741
[7,3] 28949677119
[9,0] -2169422626362580934115948
[8,1] 822260595933816949080
[7,2] -834937964315928
[6,3] -13102343349
[8,0] 1088595498981136126269978
[7,1] -543125303683503083244
[6,2] -3586375622367233
[5,3] 994747126
[7,0] 33438298995596463594228
[6,1] 16789041715872642354
[5,2] 10619909590896
[4,3] 772879382
[6,0] -8964873578723707463463
[5,1] 33212843658223654050
[4,2] 174111584264217
[3,3] -281376882
[5,0] -9738232795726497353808
[4,1] -5004964235541857364
[3,2] -35539014001518
[2,3] 25912350
[4,0] 288716633866784046528
[3,1] -478495380926584080
[2,2] 7042057351812
[1,3] 4065876
[0,4] 1
[3,0] 168062351898799024128
[2,1] 117268517305830528
[1,2] -1168530896160
[0,3] -578448
[2,0] 47815996825187610624
[1,1] -125571498421248
[0,2] 84644108352
[1,0] 3685223081612869632
[0,1] -287368968167424
[0,0] 246803372284575744
