[97,4] -1
[97,3] 2975
[96,4] 679
[97,2] -2531451
[96,3] 83704054994
[95,4] -212430
[98,0] 1
[97,1] 560379112
[96,2] 1432094686702858
[95,3] 1964016837728862
[94,4] 40591202
[97,0] -8471034830
[96,1] 1189029952267129150
[95,2] -938686805616256528746
[94,3] 5059467275614703737
[93,4] -5293096097
[96,0] 23919487478937753997
[95,1] 12479804377019122881417537
[94,2] 11625520378612139198410127
[93,3] 3530081567810273200633
[92,4] 498392907855
[95,0] -22513694900139295949145696056
[94,1] 229573711576662676414206988989
[93,2] -14930187629915293599287290746
[92,3] 932304229174992956068415
[91,4] -34953961717600
[94,0] 83308223790574257925621830012490
[93,1] 224524046856023629096419355362234
[92,2] 3084753817416040344380794567195
[91,3] 109856248286508907137614352
[90,4] 1855245185986048
[93,0] -98910405161357729091559410375649652
[92,1] 6134073200707295230514982544678635
[91,2] -91309843110247363444339135870846
[90,3] 6311072187079321607967290019
[89,4] -74868019572616956
[92,0] 32829492382042723642523110897369753546
[91,1] 564882727788222195927916111339828914
[90,2] -1152088167433417146509604372990033
[89,3] 183229528457730537156232978774
[88,4] 2282251479574963820
[91,0] 5463142286657603096167147131060371477656
[90,1] 28497963252446702043178646271446881802
[89,2] 16258716880470226424727268159318405
[88,3] 2527430247662030576361939970247
[87,4] -51432290287431729512
[90,0] 365407070933835624986499946870738185280345
[89,1] 26183921104663921037387312551014804264
[88,2] 424055241351238905429277392819546803
[87,3] 7079669242305665985890669212976
[86,4] 814589606287293329544
[89,0] 14578878408622781057922864263962580096433802
[88,1] -33157207616685814544872270352869626120616
[87,2] 9634821168917089796004706182490714268
[86,3] -252564879007096320520245056656820
[85,4] -7909917166994170594860
[88,0] 396282085340624005007544131274545602580938717
[87,1] -1183000440173857884425159100972166482029083
[86,2] 296090834417595676386470683329162877662
[85,3] -3320702128136678410156033332546698
[84,4] 21088720670907187021812
[87,0] 7850652855647245773150573276074083765113709744
[86,1] -22453268113714160414050579931053270246695883
[85,2] 7299522292013426188396170625833588127828
[84,3] -9037771804791878359433085833849180
[83,4] 520749316075481645518560
[86,0] 118128095318987376820523153586659828778806613656
[85,1] -278915971797526015059982642069812700553164786
[84,2] 136191766652714400128734805759191105818564
[83,3] 144556453747771218923314722153404568
[82,4] -6094408447930982102415280
[85,0] 1388728805397023060039780293981035315083817655520
[84,1] -2377289396238633482393633837125948979519645213
[83,2] 2018337006439752431726813165941304810201128
[82,3] 1515003227524740176914174006042799122
[81,4] 1330910169779590803305890
[84,0] 13019316175571829311894897265448994999212759740920
[83,1] -12943460059706958078495793367033212941934637906
[82,2] 24577021827334221951633286178919627475762232
[81,3] 3480951865085944460493629686742942126
[80,4] 372766526881822579586245170
[83,0] 98776443365781015532996551448134837345046874734048
[82,1] -20690451575414561001472795828330873081363475350
[81,2] 250917042257111165559315522182030466162299038
[80,3] -36757764097525499622018285082900373910
[79,4] -1292373101779927562984952068
[82,0] 612259938681851555062460160158228855450241314698114
[81,1] 426852658029593353408253239680607007455268848680
[80,2] 2178743927522961499833403491859282933184958420
[79,3] -331507588117521533639194494195218434564
[78,4] -14958900040961511463987307140
[81,0] 3112382877130688146700065104467909760304980114274948
[80,1] 5744884387570405318552743783403824917914435520758
[79,2] 16280240921186374596097533875960300608089608260
[78,3] -795229456115708706379606553187851592018
[77,4] 73016391757199293537244327442
[80,0] 12927461075837613147670340901823226613802384385425082
[79,1] 44988873437939207806964949591204102377245401381844
[78,2] 105752197309079975533340943034517902270252570338
[77,3] 4129813795691031273194530053549016458174
[76,4] 514527869701839693556351671602
[79,0] 43163432120464074472560004588213161994170553068571952
[78,1] 265863010877202309587470279928500602721999254815928
[77,2] 602367285505089149259890504072177250294760022916
[76,3] 39200874297381487955218303150010268576882
[75,4] -2358934978845215616927510475328
[78,0] 110835346496261444209030095100599645750240735005473628
[77,1] 1275100241728000312656596071893924895100968333559600
[76,2] 3030827420911442849540711874674484203353769731386
[75,3] 114529390176542166386778802579137889906696
[74,4] -16279581647484165641524812026112
[77,0] 190677812582361979879331303292383513508527317083247752
[76,1] 5117032639149925354266886861617405461692504830591708
[75,2] 13553337218546950736987559648485152178771879235644
[74,3] -135579170248098460929943370047734210675438
[73,4] 45925873366678806313734615061512
[72,5] 16296
[76,0] 71428950965178738637522797824845355890533181901342748
[75,1] 17415813344450686462974015903133015196224183051943140
[74,2] 54139852701919677566818107237234882084898733716706
[73,3] -2440101774406650394966927995450885987101497
[72,4] 436460115522797248125012988594464
[71,5] 52711546
[75,0] -839583712248875252206268775492851187852679547559281712
[74,1] 50408352237176982984484542108540917663155397713158148
[73,2] 193993170527552564304905277584495692021114747049996
[72,3] -9244186302947305667079868322122474113074492
[71,4] -290494732045923152537032501296782
[70,5] 35023973621
[74,0] -3288092980798896583529914724829743105375085234226358470
[73,1] 122987923142799172493205977767775474763923741297679968
[72,2] 625658462741389972074646406733675347035937693399974
[71,3] -10306464988756418033968344209113025056192992
[70,4] -8692330793131196731174319906566673
[69,5] 7876254906042
[73,0] -6410299669528008412190376336209157914062191440587956220
[72,1] 245558537348569903750600510905970145046909576493394416
[71,2] 1821233897232133096636903871621841027415965688128692
[70,3] 59854911780215445110353999666247716085542818
[69,4] -11770503561732880933284814209038391
[68,5] 729016571610390
[72,0] -3876959607220187519095787877014169666683595273449220670
[71,1] 366784584784423158139755027598744293887707411086138666
[70,2] 4795208766638932770266361468732663423905020969293770
[69,3] 354663877351413788169707050120320520951560302
[68,4] 108452381562745266461323078919503363
[67,5] 29932996487598147
[71,0] 18233323786306714810155828496138174960062915367636893184
[70,1] 259688230569701223787776348996065235883658149010632298
[69,2] 11438002680623667178658981148417972529742565560920836
[68,3] 897622973959468318939310896168002214720283724
[67,4] 398582346106289424579027263837793335
[66,5] 518568730544957546
[70,0] 70225882863800153376651177983346252489187612530741968536
[69,1] -637390851129199826053062602450039537064815822674036308
[68,2] 24741774589380273034543578505737405061045157020814019
[67,3] 655914355385148545850032923866570841470314775
[66,4] -452714876401216127067550823631590965
[65,5] 1553248159273517881
[69,0] 123316447576264952714029330801822010764180638026010198640
[68,1] -3311306873239940312688520627535522704531374587404118730
[67,2] 48553561929349850445588377421770434251938420815972912
[66,3] -4004656459231942528427367226479753829162349331
[65,4] -5577931961674407392649648050841373020
[64,5] -62012671580848010799
[68,0] 69819847494655808940118712269799734085253862056570893848
[67,1] -8949709016782946568365705119103971942583929576289884244
[66,2] 86416744925460272660026884679259110800532253696193558
[65,3] -18943102745132614416142281583472198525978066088
[64,4] -8687250649118047655897962656204487576
[63,5] -713635386598611194928
[67,0] -241753812570551274476550139502851371481698606324699462944
[66,1] -18107388173651032180109212326951872741993367857232784076
[65,2] 139346606663839343387342782444603868184360856364479399
[64,3] -44016739996667206323679109860550130249983713083
[63,4] 30938247935075907763668631948044709577
[62,5] -121921917947071601141
[66,0] -805111601306847643877888843497971488970292779966835291043
[65,1] -29201351022661199619151019799266185567469512326625035304
[64,2] 203159029693674705703104024033549991421191679118562258
[63,3] -53147813963079228030705185231695265732513483971
[62,4] 149518961311379959926241017118979897620
[61,5] 45050945028162844697616
[65,0] -1154559956301421910778916066851629684456008234651072568246
[64,1] -36904948651835469133334883090097821157355454446843759238
[63,2] 266934411267900722425453907508613891485102407371911924
[62,3] 24941774148656116056301186861407949284942117848
[61,4] 131348604745481693259692021674788601454
[60,5] 268733435509508255479988
[64,0] -341324783398887491691441770841583291460494040935615825127
[63,1] -31821186449078551342144049226658661367840327966955688119
[62,2] 314534666448224100771816395895040915568917659073271264
[61,3] 287642521248255168283927677027666271480508883924
[60,4] -716804241684547284928288482721894016877
[59,5] -476668917925705150159055
[63,0] 2329492345255382854947972774872140047978199874062442836936
[62,1] -3078262188285766736180207291292345989540850743511897075
[61,2] 329959317978677370107589725184224575637659145170597358
[60,3] 763163705837186462381732645744994005699856075378
[59,4] -2592159040050238268380542658219032221373
[58,5] -12017232442923054616741730
[62,0] 5919236770659968364849877699768599508819336845141734873066
[61,1] 55689961540148564752935593787268217321978432235025061482
[60,2] 304816366540733316049585125268431304513104046675102838
[59,3] 1267170188271988524711370922304490474564472403595
[58,4] -2239571726256385061292068049243557313395
[57,5] -42807126453200264363580525
[61,0] 7125443927541109691393084166257352734296369537722019753292
[60,1] 139243671994750819751380064103420688258785264086864661139
[59,2] 243845769133967656130623250982171626207014391670892532
[58,3] 1348950553971197728436117747301330661150608695466
[57,4] 7972817706782313649950918265437569584865
[56,5] 111915241479126068612917583
[60,0] 1954338674199196064101792721884112209438160757752774127530
[59,1] 227442932202450030239574705749609429121029075485074736490
[58,2] 164440710269790713011151623649370903283953408392823740
[57,3] 491433497600925129230247495399849400299530781775
[56,4] 29543405165175349127498808876672997901027
[55,5] 1392182602935605185888422632
[59,0] -10151510313410163175316958663953294055133665422504336483752
[58,1] 290435702973431742046329218719562922290166991962950525074
[57,2] 89305726825163551810414297643894328229680065929212665
[56,3] -1451251911565006631217219904505048695731858089302
[55,4] 36497842089947270770187778732738121261723
[54,5] 3822114857621934299523310853
[58,0] -22910063786622270797746636222129407760190312963555488796467
[57,1] 302264402370085333856499424403157638613833282504547971336
[56,2] 35979036080442039044130034343575515254817095332156710
[55,3] -3898862988639236203489101918583967528783099348911
[54,4] -24339073976140981200587042295075127219326
[53,5] -4259823469840823637501707836
[57,0] -25036536645839315869805714486240208630880840080723675351694
[56,1] 255925450520947942843129030094339761086853736024359789656
[55,2] 9489590396151951759239085960691811119144833374954202
[54,3] -5691512701015312862587035087777701823344500640219
[53,4] -166740728382065998695020439679613930922815
[52,5] -61727161879133418491215670820
[56,0] -8234797272045430841287018584998922196333580967660282605311
[55,1] 169530864396006471951506938766079130512987595406845498657
[54,2] 2611619712686007847882518702995968603674973722159635
[53,3] -5803103166610751394273602604259640935365578203249
[52,4] -258936785435216820021946920269701028556540
[51,5] -255108039357161879914877978557
[55,0] 24298042561975202014513812848580703975179327951069106301840
[54,1] 77676216572346871766811774312525616060027833886800187985
[53,2] 3004081299431367145070444630862328360361218428873972
[52,3] -4115830122429725377186651292383663134118985472567
[51,4] -23230426896832998939681670641199004996443
[50,5] -925518029112448581367990268182
[54,0] 57193312912094161433283691896753933015144178331240180108096
[53,1] 12431359343036227977125530356708460504727050488749443014
[52,2] 1785220877209039817640980610521655281239978910561573
[51,3] -1565157005019885627678066403218908429542775737519
[50,4] 736258011238509021553600501340431571816245
[49,5] -2331179879401776946299358361019
[48,6] 2619
[53,0] 72659151362672147540583270692807137308557451437103956593744
[52,1] -13417276857375951139162714619252903385075697882169179305
[51,2] -2462523726137873815153136908043034871071000273411998
[50,3] 527186343088149784101424097037502961276620608659
[49,4] 1825913814756105393372794264430895794887169
[48,5] 5718296212615450504244752668424
[47,6] -6044749
[52,0] 63386505133502066792859433381936952312518180633059945998944
[51,1] -9512679145391809007266256215283788666490120464377732218
[50,2] -6127472249803552092396281889217495800568759349561631
[49,3] 1368401114877219990138220910766651352131445543157
[48,4] 2667278146034575696383410942361263116007046
[47,5] 89591850477528456682865518683492
[46,6] 931420093
[51,0] 37478280067766363454402976088754364401377421159254238712960
[50,1] 3463704363348632987385358081513092586861889993893198178
[49,2] -6017903870980495518863116755724049233553418530540668
[48,3] 1089123730605819418006085611320446636070630042927
[47,4] 2782797750037452825725778196164223290474819
[46,5] 422510268261372967036544078755823
[45,6] 129194106776
[50,0] 11244123607592098275982772529104275509427964257501949442752
[49,1] 9642617258157673926781349546851335805117942036964822744
[48,2] -2616824136728450626135242010734329492767566899442365
[47,3] 389391567724345141587376513667428313331108707887
[46,4] 2326094634476286359989912438167886935302735
[45,5] 992865702882444268096807826533868
[44,6] 18185870067387
[49,0] -3216481425675011718355810866079761947241085179686491200256
[48,1] 6098072327656091843192586858318462367522822764147830546
[47,2] 1020429857628877581567706805746778048003445892307802
[46,3] -111011582695043067395438674407060540220211365441
[45,4] 1996390164996106367524368410181397825061219
[44,5] 166233322733058942386834136594334
[43,6] 1437144271233806
[48,0] -4822520039235611168008432858054634063614815957778256419840
[47,1] -753445485690517024316695828285408211143759655579928974
[46,2] 2477478636795209669339048573718821342020368896507003
[45,3] -230709201856175856049560057298821708021572327825
[44,4] 2309934573913527160979261918075984162141591
[43,5] -7974445067767923305762489882135138
[42,6] 70078296438692934
[47,0] -474996926519910703902265552346714172510744276002669225984
[46,1] -4267783113132720580106078676517866821649053236681435890
[45,2] 1736955023626024459355626169695621673196401331889480
[44,3] -128162750432120498806455334029889494540575874545
[43,4] 3014595576265987654322534677692566361347597
[42,5] -33850910178304761961693700073345607
[41,6] 2258305920931367692
[46,0] 2771211643761007980412041750346795299916996242123041480704
[45,1] -3173908751554329178557793433672349076773318118740744916
[44,2] 333973621244820731632749963024884149209709187440321
[43,3] -12172335518486764640398784821615557845699783807
[42,4] 3337414557145618550997327489697813745867183
[41,5] -82242163432821300079479988847424159
[40,6] 50688077602011602970
[45,0] 2627157964358066822395245915879941551617243085947276402688
[44,1] -400369094446002700111490931131462033151595882615881418
[43,2] -456083712727255824106493705054567544732361071312874
[42,3] 30848017544968223404672357220031121835792985321
[41,4] 2786751578045168607989510886062978696438921
[40,5] -129316672018060271881885901110292143
[39,6] 827217727462034849758
[44,0] 797216142312392236788549766884342600020126289564003725312
[43,1] 1167055787238092492775220787875582458480889444135750944
[42,2] -453506432889721635359545806883346711339887365661121
[41,3] 22485773502110104466716510511765622437069257920
[40,4] 1609443695446601735751798339577840169012202
[39,5] -106144649271290590366955355876720750
[38,6] 10168035512690986239506
[43,0] -486613461605009535092952332575785831068781484615486701568
[42,1] 1018038472605967918311288106882451110656340948568739424
[41,2] -143895076123715385102330021457236792359410658071306
[40,3] 6389505682551353067319376087070392128510185823
[39,4] 478296498957473845111759526345038640045669
[38,5] 74370473435193833976403573291505204
[37,6] 96886225213367122164204
[42,0] -588550173796192497653570832182208790124482061385095249920
[41,1] 241910207931549742607691535753463573100793386281416624
[40,2] 57046626765299367245229124896402392857842139010821
[39,3] 341108314334867856671782009300260775027248995
[38,4] -134233027895896152217016821235928743743497
[37,5] 437180919615077336675602548575954794
[36,6] 732608868879286554561150
[41,0] -152251866947558831433367369040714870557994113555956170752
[40,1] -207073736102353091495707613143872970706400297077282656
[39,2] 76441601961123620706023029959923017387432040070206
[38,3] 668505043110034504522688529623067876469172425
[37,4] -233973321695559557801381389198661913190522
[36,5] 872561549931376591486035794055765644
[35,6] 4480605469570410582999520
[40,0] 132796583611737511770867161359951919370960407870098374656
[39,1] -202031584697202503043866778996943482438309382995053824
[38,2] 25464980766260258738677225093978514290782791455065
[37,3] 1100936726931051536342135876975845350017854009
[36,4] -105342234636841315882969034340604438666911
[35,5] 1166310212516871344426831552899481120
[34,6] 22509607121843366862403184
[39,0] 125777548467178882633638171999925791799792080355675602944
[38,1] -49346417334830057157398921287606371128074158379386240
[37,2] -7043830925881818560728728114564666464206766070092
[36,3] 356101551318828329578960088877032872359937235
[35,4] 9854977592639637766706613538351792774760
[34,5] 1146202922186858785807024910367413174
[33,6] 94059981084647238598139084
[38,0] 20219431028584275295231551727343538098788569698507423744
[37,1] 31540122521201674099392573692119278366898245692283392
[36,2] -9266460242708426429459978922120620172481823087224
[35,3] -334707519186446739593993421387430735541451804
[34,4] 41241342970636391457899460951897993863132
[33,5] 823390564090308010121607669630551118
[32,6] 330245672325013668545362211
[37,0] -30285429305398431420180057729335204059799405683677331456
[36,1] 28578119349588859661745640409015404224050264568820736
[35,2] -2029961128204420235547765070343826186961686440322
[34,3] -373285293499530235393486326494471869013430726
[33,4] 25265624086511590918462610525865574148838
[32,5] 386416703793142539112166321223311843
[31,6] 982150904281458361542569251
[36,0] -20180389305406856423283453728855894948252114730103078912
[35,1] 5271179581904139783213713865965996523075839214924800
[34,2] 1506316395089325362709120506601757963335574133893
[33,3] -105239941185011204351760712840083282315377974
[32,4] 6346843768916950240218586084118120013341
[31,5] 49938539341023855392254520304941134
[30,6] 2490000542948923124305743749
[35,0] -110541222195018433006792417764752721046939412555890688
[34,1] -4553629348629946135690519357113336470404889618380800
[33,2] 1122519642540952359861133478016129966509369577906
[32,3] 65826731943582570300860089228937107105448812
[31,4] -1020671199782418412220327800269191581182
[30,5] -92944911084471721736663925428993096
[29,6] 5407946716587157609070502732
[34,0] 5514714757811927751093446404668578546007401942443098112
[33,1] -3140690006054887525821997924199434632793102375493632
[32,2] 102480964047112551497988601167237947911306152137
[31,3] 73289375266727988146422307546553654504948662
[30,4] -1244401032949687686272555373914428238703
[29,5] -89155960326357495451644937783089040
[28,6] 10098289479149044360982972667
[33,0] 2242554419334592384083082261444605497736810462913232896
[32,1] -284614943689547174157330322323429778705825712996352
[31,2] -209059420585155242248280504145903996583892272784
[30,3] 24580669942334752906917515975237554454237798
[29,4] -271008861349414468136703633328955835546
[28,5] -37010398662645809200772765548043644
[27,6] 16252367293239798167071619026
[32,0] -490894147212043981620797697458099594879168716222758912
[31,1] 523136082524893246866721487512924201826504348663808
[30,2] -97650181495748257151733793652468927255620929824
[29,3] -4330838766900795142202208962846681854297766
[28,4] 18124968511017563591850819693091097179
[27,5] -501192167112673456020677772631259
[26,6] 22576615827684940654272646154
[31,0] -691545659818161775106795050103399983767177099988697088
[30,1] 222042891356069391899107340777181735185364706787328
[29,2] 11772495978392065777563109477887113852847923008
[28,3] -7350791043333899858650353455539066407826622
[27,4] -46126267397257591800336693893897059684
[26,5] 9129510294343219960096359219049589
[25,6] 27082262490435975866182661480
[24,7] 97
[30,0] -135245306466783362470377456631854610111352552942469120
[29,1] -38893689181481865229625092423708135709899924963328
[28,2] 27256263188128221135284457689049828630606066432
[27,3] -2413966647110210931383359372163217349943176
[26,4] -64944236568261417918403504294379073776
[25,5] 5685726755253424807947325905829440
[24,6] 28043663282133404245784108047
[23,7] -80995
[29,0] 92442199292320701773250447903665704394217888101171200
[28,1] -56885210517490941756947246996525783329210590035968
[27,2] 9099170490593115762589366015611842974848914176
[26,3] 382497565804318872728259410476564822073452
[25,4] -17930818034665547882692716798090694226
[24,5] 1330927201120251374829775433554952
[23,6] 25039054129288335586457602108
[22,7] -1685957
[28,0] 55295761521963606266029632728307624627864831262720000
[27,1] -9060994959510715229643871632203493939637224734720
[26,2] -1317273588493098493519279686270340619021528576
[25,3] 593744416364494275025665814052990120745328
[24,4] 14768835655452446261940655421653026731
[23,5] -413225007958896540188879493285574
[22,6] 19242341656458339279843255529
[21,7] 221911168
[27,0] 2260347597968249406640114891543639161995919905259520
[26,1] 8239522469278265749798564957255236265339424604160
[25,2] -1892808476270460214728806892991758986130977792
[24,3] 167239055336539871828435041794909119306704
[23,4] 15330100349326738168407351362008920314
[22,5] -500942297451958237714565574771420
[21,6] 12697917363985098384833393102
[20,7] 8164314236
[26,0] -7966795965236093720722073766415401815439057008721920
[25,1] 3832570584277077029948478343629695949905579737088
[24,2] -349016751128296667919099305425965347484380160
[23,3] -31400380060264819857713826322093196293632
[22,4] 5273137587196648852667566668926317462
[21,5] -213602961610887902461008194655132
[20,6] 7174322260305183440826347965
[19,7] 121557760533
[25,0] -3078118975849373878676185683546951529460990266572800
[24,1] -527031898758510560875590450644989490123440652288
[23,2] 192147095029504130271859565759371362231496704
[22,3] -34981737091979234859893320855257315847552
[21,4] -557394723560175525949505088654286556
[20,5] -35364282797131953927452238401204
[19,6] 3457750206428882167443005110
[18,7] 1026287404343
[24,0] 21082981939203392114681452905214040889914602553344
[23,1] -852196610616735496376733186301726306938013089792
[22,2] 95952146128412501920007706876051900945883136
[21,3] -6432877662494573109672321682288213814272
[20,4] -1397243924841755952227273189540231978
[19,5] 16419160922576632460533296407246
[18,6] 1413800278036073708363201590
[17,7] 5580493493235
[23,0] 472887516476389877201579058520473468997569880260608
[22,1] -162189524953097208366656553803594724114610257920
[21,2] -6668569094334731837909054851358504362164224
[20,3] 3102409622273452057920644255149045789696
[19,4] -654882136254729963304649841054075568
[18,5] 16468288736361482423367986385642
[17,6] 485567707929985440803997038
[16,7] 20902557411618
[22,0] 192650241787576820807710331614784833519909634834432
[21,1] 90122531766609178676104058013765001908685111296
[20,2] -12889548511416105055679730008696829460217856
[19,3] 1941487288360053267520673936741142566912
[18,4] -124343208940898974263445998996319696
[17,5] 7949735103449282834866089636952
[16,6] 137179892662952160601136607
[15,7] 56119155253294
[21,0] -2909689751819632162473765203382320261990635798528
[20,1] 53295440520641874746144641515970069132247826432
[19,2] 998259731447408314945240911130368841809920
[18,3] 254570818273011728834139340825266324480
[17,4] 26401263312958005258355257988341760
[16,5] 2677632802480677407360265682500
[15,6] 30343590246006656032615762
[14,7] 110731218371742
[20,0] -32275710440483654652289929437876195254487591419904
[19,1] 3260190800738099197217788483898811116930727936
[18,2] 3424313922866107165307858654948546173468672
[17,3] -120264908014894887262892700237177106432
[16,4] 28593536954265064903066191036275936
[15,5] 629803228439838050042038794664
[14,6] 4537501199046602428759288
[13,7] 163316267707605
[19,0] -9564519737154540857876773658459752073046058336256
[18,1] -6683629530750377392453545625983664944001843200
[17,2] 870893286761445183594915129988481140391936
[16,3] -62403717964017681873781713380069789696
[15,4] 11689777260109012527531342547693568
[14,5] 64241874736145481174159773948
[13,6] 133350243385673270038286
[12,7] 182292560899283
[18,0] 1477184834950473975547831310773209459331119972352
[17,1] -2600077057124198562705375353933663453703045120
[16,2] -315339465805710489825473426917282244853760
[15,3] -27770588157024682577687213186394226688
[14,4] 3333217995313308213621172261144576
[13,5] -29238264621480527924855611344
[12,6] -165065970227122008939504
[11,7] 155143251011166
[17,0] 1430975828763076719587467129779058212432104128512
[16,1] 29102711167911291210108165391541915281784832
[15,2] -214432784410246334053014047763468280397824
[14,3] -20441438200917436161525415689401335808
[13,4] 859391200113274296951393358379008
[12,5] -21711436386410542098397892720
[11,6] -58115734492169773611436
[10,7] 100107210079006
[16,0] 262988821683528621430337239517464198726306234368
[15,1] 325962832281466903010404671388130386844319744
[14,2] -11358549387492549317401153597280398344192
[13,3] -9904351055295267147558134790932004864
[12,4] 278480239532650998799234907507712
[11,5] -8577012554469333431394474496
[10,6] -10811067191544696522411
[9,7] 46962926372416
[15,0] -38676563873513781117536136612633327799438934016
[14,1] 107021102941132193219537744741075385034211328
[13,2] 27348303505993742755049646942845965172736
[12,3] -1821170268837844001604888077348503552
[11,4] 120138368784282210446671923634176
[10,5] -2476386000396134677720315456
[9,6] -938309781082111806438
[8,7] 13847293826038
[14,0] -46236551790744700292027943557669261999553380352
[13,1] -264615760236299068980540617529581516095488
[12,2] 11047900401624550131937613619470662631424
[11,3] 483867636113966291815894531432775680
[10,4] 53751609669299537660061781368832
[9,5] -539095185852800723778016000
[8,6] 82975991681575290793
[7,7] 1017308240928
[13,0] -15124334054815712672642759009845394155254054912
[12,1] -12652965316640107552264768262489460845838336
[11,2] 640844741502771922047829889226935107584
[10,3] 327148776434632855405763133894295552
[9,4] 20280304495153819491040965754880
[8,5] -80086305829556119499611904
[7,6] 37751267585872478816
[6,7] -1012556442952
[12,0] 1749614842148786624832533869546600005170626560
[11,1] -3758193572811825404306555895216206254178304
[10,2] -985683186475023335840618585883339128832
[9,3] 43129524619028767772064633274236928
[8,4] 5738475656344895839410960580608
[7,5] -3582152509210678485383168
[6,6] 5360032673482065072
[5,7] -405450423966
[11,0] 2332594490580319253900462067842754885250449408
[10,1] 382155069496747490712635136109366820732928
[9,2] -341538100568552185161831660373168619520
[8,3] -14525324796115802274916711246331904
[7,4] 1153409158337801578627708354560
[6,5] 1835599651710043697026048
[5,6] 297073268690643264
[4,7] -40147599078
[10,0] 272117639157833323465745587983059000752078848
[9,1] 364047745332729704100451686809546312908800
[8,2] -12310565095365728233666569712271622144
[7,3] -5695131603753860190569354942742528
[6,4] 162465057171490701044304445440
[5,5] 532527734651545147527168
[4,6] -44660107247268896
[3,7] 9067282192
[9,0] -120855529948626148447213607209666804841447424
[8,1] 20699539774226798136270125770433592557568
[7,2] 9323354603209226708349251281534058496
[6,3] -568035093968958249997142662840320
[5,4] 19456913253108466385772871680
[4,5] 71353429129557794304000
[3,6] -9787266961768960
[2,7] 1892808336
[8,0] -34694704766353612760830045537297131412389888
[7,1] -7124208764974804277179409473286015287296
[6,2] -342850734798227875752764722152210432
[5,3] -1159231809989550035892531363840
[4,4] 3885120263313682225216487424
[3,5] 5084568607735362945024
[2,6] -337788394058240
[1,7] -21749728
[0,8] 1
[7,0] -5416682340220709174656461775215106122055680
[6,1] 1901821128427518896279525284793794166784
[5,2] 39471616366076282411633454184660992
[4,3] -6936141321090417065142370959360
[3,4] 610948228437512888383438848
[2,5] -193642457231370534912
[1,6] 118817212486144
[0,7] -9712352
[6,0] 383594454068779369617629507086242029764608
[5,1] -433853460999574998521550172756893499392
[4,2] 237264036814917949532886554476806144
[3,3] -2050137495175079786509460570112
[2,4] 75305145106174149720539136
[1,5] -66595545821961584640
[0,6] 23813557739776
[5,0] 1270082905505754895707416624822628353310720
[4,1] -406470668386855666133727053641559310336
[3,2] 31594812491511987338455118474379264
[2,3] 470263672152381729828797153280
[1,4] 1329569832796026889568256
[0,5] -1105834831382642688
[4,0] 224428150260956589376491267788376952012800
[3,1] 26378889640390391766372826897805475840
[2,2] -3295593823406920316503547248115712
[1,3] 110195139137210208820182122496
[0,4] -66765579308865486323712
[3,0] -84363392012665614437905337312568410112000
[2,1] 20908306909024389855020058447666216960
[1,2] -326324166368060432058717195730944
[0,3] 2157366502503436579032268800
[2,0] -20135295385295304565149129665528463360000
[1,1] -864074753862393085381450088526643200
[0,2] 61961286820368460491916245467136
[1,0] 2451583292573418900970680485727436800000
[0,1] -427992853478207576064656500850688000
[0,0] 673838576778465987332280812568576000000
