3 2 (2, 2)
5 2 (1, 2)
7 3 (4, 3)
11 2 (6, 8)
13 2 (3, 5)
17 3 (14, 16)
19 2 (4, 8)
23 5 (6, 13)
29 2 (17, 3)
31 3 (26, 26)
37 2 (6, 34)
41 3 (11, 34)
43 2 (20, 11)
47 5 (32, 26)
53 2 (6, 50)
59 2 (22, 28)
61 2 (6, 58)
67 2 (6, 64)
71 7 (35, 66)
73 5 (22, 48)
79 3 (54, 50)
83 2 (6, 80)
89 3 (20, 46)
97 5 (9, 11)
101 2 (6, 98)
103 3 (93, 90)
107 2 (6, 104)
109 2 (93, 76)
113 3 (54, 84)
127 3 (54, 98)
131 2 (98, 128)
137 3 (92, 2)
139 2 (6, 136)
149 2 (6, 146)
151 3 (23, 83)
157 2 (156, 108)
163 2 (6, 160)
167 5 (33, 88)
173 2 (6, 170)
179 2 (131, 116)
181 2 (6, 178)
191 7 (17, 74)
193 5 (51, 144)
197 2 (110, 8)
199 3 (12, 194)
211 2 (159, 14)
223 3 (54, 194)
227 2 (225, 167)
229 2 (102, 21)
233 3 (12, 228)
239 7 (56, 226)
241 7 (116, 182)
251 2 (183, 28)
257 3 (3, 1)
263 5 (9, 1)
269 2 (10, 1)
271 3 (1, 1)
277 2 (4, 1)
281 3 (4, 1)
283 2 (4, 1)
293 2 (3, 1)
307 2 (4, 1)
311 11 (1, 1)
313 5 (5, 1)
317 2 (2, 1)
331 2 (10, 1)
337 5 (5, 1)
347 2 (2, 1)
349 2 (2, 1)
353 3 (4, 1)
359 7 (2, 1)
367 3 (1, 1)
373 2 (2, 1)
379 2 (7, 1)
383 5 (1, 1)
389 2 (6, 1)
397 2 (3, 1)
401 3 (3, 1)
409 7 (6, 1)
419 2 (13, 1)
421 2 (2, 1)
431 7 (7, 1)
433 5 (5, 1)
439 3 (6, 1)
443 2 (3, 1)
449 3 (6, 1)
457 5 (6, 1)
461 2 (2, 1)
463 3 (1, 1)
467 2 (2, 1)
479 13 (2, 1)
487 3 (1, 1)
491 2 (2, 1)
499 2 (3, 1)
503 5 (1, 1)
509 2 (2, 1)
521 3 (9, 1)
523 2 (2, 1)
541 2 (2, 1)
547 2 (2, 1)